run_id,ticker,market_cap_tier_at_buy,buy_date,buy_price,entry_reason,entry_indicator_values,sell_date,sell_price,exit_reason,exit_indicator_values,days_held,pnl_inr,pnl_pct
orch_technical_20260730_050033_bdcd9eba,CYBERTECH,,2016-07-01,61.75,buy,"{""template_name"": ""C5"", ""matched"": true, ""score"": 1.0, ""matched_conditions"": 3, ""total_conditions"": 3, ""feature__base_breakout_ratio"": 1.012295, ""feature__volume_ratio_21d"": 5.072, ""feature__adx_14"": 29.09872, ""feature__rsi_14"": 67.960157}",2016-07-12,57.45,exit_model_urgent,,11,-2942.7916251069983,-0.07365771953036433
orch_technical_20260730_050033_bdcd9eba,ASHOKA,,2016-07-01,169.9,buy,"{""template_name"": ""C5"", ""matched"": true, ""score"": 1.0, ""matched_conditions"": 3, ""total_conditions"": 3, ""feature__base_breakout_ratio"": 1.063537, ""feature__volume_ratio_21d"": 3.585788, ""feature__adx_14"": 24.317885, ""feature__rsi_14"": 76.345751}",2016-07-15,158.8,exit_model_urgent,,14,-2769.088056237997,-0.0693546405579752
orch_technical_20260730_050033_bdcd9eba,BBTC,,2016-07-01,413.7610375472,buy,"{""template_name"": ""C5"", ""matched"": true, ""score"": 1.0, ""matched_conditions"": 3, ""total_conditions"": 3, ""feature__base_breakout_ratio"": 0.997877, ""feature__volume_ratio_21d"": 4.388891, ""feature__adx_14"": 20.468002, ""feature__rsi_14"": 64.61509}",2016-07-18,385.9324287571,exit_model_urgent,,17,-2831.308199916508,-0.07127977521509837
orch_technical_20260730_050033_bdcd9eba,BANG,,2016-07-01,26.0,buy,"{""template_name"": ""C5"", ""matched"": true, ""score"": 1.0, ""matched_conditions"": 3, ""total_conditions"": 3, ""feature__base_breakout_ratio"": 1.044177, ""feature__volume_ratio_21d"": 10.606144, ""feature__adx_14"": 30.543105, ""feature__rsi_14"": 86.950989}",2016-07-19,23.65,exit_model_urgent,,18,-3775.1354148960017,-0.09440670738461543
orch_technical_20260730_050033_bdcd9eba,DTIL,,2016-07-01,221.6333333333,buy,"{""template_name"": ""C5"", ""matched"": true, ""score"": 1.0, ""matched_conditions"": 3, ""total_conditions"": 3, ""feature__base_breakout_ratio"": 1.024184, ""feature__volume_ratio_21d"": 4.174177, ""feature__adx_14"": 26.371176, ""feature__rsi_14"": 72.064451}",2016-08-03,201.3333333333,exit_model_urgent,,33,-3814.4573382479794,-0.09561481270989505
orch_technical_20260730_050033_bdcd9eba,BANCOINDIA,,2016-07-01,157.65,buy,"{""template_name"": ""C5"", ""matched"": true, ""score"": 1.0, ""matched_conditions"": 3, ""total_conditions"": 3, ""feature__base_breakout_ratio"": 1.017425, ""feature__volume_ratio_21d"": 4.765328, ""feature__adx_14"": 32.7177, ""feature__rsi_14"": 77.332716}",2016-08-04,208.95,exit_model_urgent,,34,12818.477050638598,0.32138228478401515
orch_technical_20260730_050033_bdcd9eba,ASTRAL,,2016-07-01,215.5360413046,buy,"{""template_name"": ""C5"", ""matched"": true, ""score"": 1.0, ""matched_conditions"": 3, ""total_conditions"": 3, ""feature__base_breakout_ratio"": 1.028114, ""feature__volume_ratio_21d"": 5.739059, ""feature__adx_14"": 23.688067, ""feature__rsi_14"": 74.404978}",2016-09-12,203.0144448487,exit_model_urgent,,73,-2476.872915018437,-0.062117231820278236
orch_technical_20260730_050033_bdcd9eba,CEMPRO,,2016-07-01,143.7641786056,buy,"{""template_name"": ""C5"", ""matched"": true, ""score"": 1.0, ""matched_conditions"": 3, ""total_conditions"": 3, ""feature__base_breakout_ratio"": 1.047861, ""feature__volume_ratio_21d"": 4.122386, ""feature__adx_14"": 26.508368, ""feature__rsi_14"": 76.220484}",2016-09-20,137.6454955716,exit_model_urgent,,81,-1861.7425886904093,-0.04658264563266726
orch_technical_20260730_050033_bdcd9eba,BASML,,2016-07-01,261.15,buy,"{""template_name"": ""C5"", ""matched"": true, ""score"": 1.0, ""matched_conditions"": 3, ""total_conditions"": 3, ""feature__base_breakout_ratio"": 1.024118, ""feature__volume_ratio_21d"": 4.218, ""feature__adx_14"": 40.749485, ""feature__rsi_14"": 76.247134}",2016-10-04,341.25,signal,"{""template_name"": ""C5"", ""matched"": false}",95,11926.7785031526,0.29849818370361864
orch_technical_20260730_050033_bdcd9eba,GANDHITUBE,,2016-07-01,261.85,buy,"{""template_name"": ""C5"", ""matched"": true, ""score"": 1.0, ""matched_conditions"": 3, ""total_conditions"": 3, ""feature__base_breakout_ratio"": 1.007115, ""feature__volume_ratio_21d"": 3.023768, ""feature__adx_14"": 29.061085, ""feature__rsi_14"": 77.41552}",2016-10-04,312.25,signal,"{""template_name"": ""C5"", ""matched"": false}",95,7333.550871889594,0.1842545167454648
orch_technical_20260730_050033_bdcd9eba,BHAGERIA,,2016-10-04,637.6,buy,"{""template_name"": ""C5"", ""matched"": true, ""score"": 1.0, ""matched_conditions"": 3, ""total_conditions"": 3, ""feature__base_breakout_ratio"": 1.096192, ""feature__volume_ratio_21d"": 2.041748, ""feature__adx_14"": 48.112018, ""feature__rsi_14"": 80.91753}",2016-10-07,611.55,exit_model_urgent,,3,-1802.7126091296086,-0.04487842826097888
orch_technical_20260730_050033_bdcd9eba,AIAENG,,2016-10-04,1271.7203303297,buy,"{""template_name"": ""C5"", ""matched"": true, ""score"": 1.0, ""matched_conditions"": 3, ""total_conditions"": 3, ""feature__base_breakout_ratio"": 0.994951, ""feature__volume_ratio_21d"": 7.107484, ""feature__adx_14"": 30.163568, ""feature__rsi_14"": 70.414098}",2016-10-10,1213.6390337162,exit_model_urgent,,6,-1959.084456191049,-0.04969353030942933
orch_technical_20260730_050033_bdcd9eba,CARBORUNIV,,2016-10-04,280.9709689587,buy,"{""template_name"": ""C5"", ""matched"": true, ""score"": 1.0, ""matched_conditions"": 3, ""total_conditions"": 3, ""feature__base_breakout_ratio"": 1.029856, ""feature__volume_ratio_21d"": 5.023897, ""feature__adx_14"": 34.648171, ""feature__rsi_14"": 65.95465}",2016-10-13,271.1005699809,exit_model_urgent,,9,-1584.0705692564588,-0.03915169636581896
orch_technical_20260730_050033_bdcd9eba,ATLASCYCLE,,2016-10-04,302.4,buy,"{""template_name"": ""C5"", ""matched"": true, ""score"": 1.0, ""matched_conditions"": 3, ""total_conditions"": 3, ""feature__base_breakout_ratio"": 1.050365, ""feature__volume_ratio_21d"": 7.659527, ""feature__adx_14"": 41.932586, ""feature__rsi_14"": 72.058326}",2016-10-14,403.45,exit_model_urgent,,10,13277.884677433598,0.3301379609100529
orch_technical_20260730_050033_bdcd9eba,GHCL,,2016-10-04,275.1,buy,"{""template_name"": ""C5"", ""matched"": true, ""score"": 1.0, ""matched_conditions"": 3, ""total_conditions"": 3, ""feature__base_breakout_ratio"": 1.019644, ""feature__volume_ratio_21d"": 2.247399, ""feature__adx_14"": 23.885484, ""feature__rsi_14"": 67.199224}",2016-11-03,261.95,exit_model_urgent,,30,-2095.702193852405,-0.051822891709196774
orch_technical_20260730_050033_bdcd9eba,GSFC,,2016-10-04,86.25,buy,"{""template_name"": ""C5"", ""matched"": true, ""score"": 1.0, ""matched_conditions"": 3, ""total_conditions"": 3, ""feature__base_breakout_ratio"": 1.014706, ""feature__volume_ratio_21d"": 3.552535, ""feature__adx_14"": 23.574668, ""feature__rsi_14"": 72.746152}",2016-11-18,82.4,exit_model_urgent,,45,-1968.3486490149953,-0.048659773159420175
orch_technical_20260730_050033_bdcd9eba,GENESYS,,2016-10-04,92.6,buy,"{""template_name"": ""C5"", ""matched"": true, ""score"": 1.0, ""matched_conditions"": 3, ""total_conditions"": 3, ""feature__base_breakout_ratio"": 1.182631, ""feature__volume_ratio_21d"": 12.207732, ""feature__adx_14"": 45.005984, ""feature__rsi_14"": 80.17637}",2016-11-21,85.2,exit_model_urgent,,48,-3388.7863335711954,-0.08393569891144698
orch_technical_20260730_050033_bdcd9eba,AARTIIND,,2016-10-04,165.4104905228,buy,"{""template_name"": ""C5"", ""matched"": true, ""score"": 1.0, ""matched_conditions"": 3, ""total_conditions"": 3, ""feature__base_breakout_ratio"": 1.043596, ""feature__volume_ratio_21d"": 3.320208, ""feature__adx_14"": 24.656205, ""feature__rsi_14"": 74.12449}",2017-01-04,170.7305321773,signal,"{""template_name"": ""C5"", ""matched"": false}",92,1135.757888299937,0.028140569737386736
orch_technical_20260730_050033_bdcd9eba,FACT,,2017-01-04,26.1138262106,buy,"{""template_name"": ""C5"", ""matched"": true, ""score"": 1.0, ""matched_conditions"": 3, ""total_conditions"": 3, ""feature__base_breakout_ratio"": 1.001912, ""feature__volume_ratio_21d"": 5.554226, ""feature__adx_14"": 25.692597, ""feature__rsi_14"": 67.638453}",2017-01-18,36.7287975519,exit_model_urgent,,14,16311.425529463493,0.4024664576171073
orch_technical_20260730_050033_bdcd9eba,ANANTRAJ,,2017-01-04,45.5451778656,buy,"{""template_name"": ""C5"", ""matched"": true, ""score"": 1.0, ""matched_conditions"": 3, ""total_conditions"": 3, ""feature__base_breakout_ratio"": 0.993464, ""feature__volume_ratio_21d"": 2.809969, ""feature__adx_14"": 29.756584, ""feature__rsi_14"": 67.538591}",2017-01-24,42.548784585,exit_model_urgent,,20,-2826.646776581176,-0.06981156568351715
orch_technical_20260730_050033_bdcd9eba,GOACARBON,,2017-01-04,113.0,buy,"{""template_name"": ""C5"", ""matched"": true, ""score"": 1.0, ""matched_conditions"": 3, ""total_conditions"": 3, ""feature__base_breakout_ratio"": 1.008929, ""feature__volume_ratio_21d"": 3.576895, ""feature__adx_14"": 23.180083, ""feature__rsi_14"": 66.748212}",2017-01-31,102.8,exit_model_urgent,,27,-3814.309709768,-0.09428757872566372
orch_technical_20260730_050033_bdcd9eba,EMMBI,,2017-01-04,140.55,buy,"{""template_name"": ""C5"", ""matched"": true, ""score"": 1.0, ""matched_conditions"": 3, ""total_conditions"": 3, ""feature__base_breakout_ratio"": 1.025912, ""feature__volume_ratio_21d"": 7.253093, ""feature__adx_14"": 21.187567, ""feature__rsi_14"": 77.017192}",2017-02-07,130.55,exit_model_urgent,,34,-3042.8078488128012,-0.07517114927499113
orch_technical_20260730_050033_bdcd9eba,ATULAUTO,,2017-01-04,446.7,buy,"{""template_name"": ""C5"", ""matched"": true, ""score"": 1.0, ""matched_conditions"": 3, ""total_conditions"": 3, ""feature__base_breakout_ratio"": 1.008011, ""feature__volume_ratio_21d"": 6.265513, ""feature__adx_14"": 24.689384, ""feature__rsi_14"": 62.517316}",2017-02-16,416.55,exit_model_urgent,,43,-2875.2001646760036,-0.07151705506245812
orch_technical_20260730_050033_bdcd9eba,DCBBANK,,2017-01-04,111.95,buy,"{""template_name"": ""C5"", ""matched"": true, ""score"": 1.0, ""matched_conditions"": 3, ""total_conditions"": 3, ""feature__base_breakout_ratio"": 0.999554, ""feature__volume_ratio_21d"": 3.053114, ""feature__adx_14"": 27.226463, ""feature__rsi_14"": 57.41167}",2017-02-20,152.7,exit_model_urgent,,47,14588.501101817194,0.3599796945118355
orch_technical_20260730_050033_bdcd9eba,CHAMBLFERT,,2017-01-04,65.1595722552,buy,"{""template_name"": ""C5"", ""matched"": true, ""score"": 1.0, ""matched_conditions"": 3, ""total_conditions"": 3, ""feature__base_breakout_ratio"": 1.056376, ""feature__volume_ratio_21d"": 6.150781, ""feature__adx_14"": 25.663002, ""feature__rsi_14"": 73.278316}",2017-04-07,71.4519832989,signal,"{""template_name"": ""C5"", ""matched"": false}",93,3744.8369478829554,0.09254715831759777
orch_technical_20260730_050033_bdcd9eba,DEEPAKFERT,,2017-01-04,220.0739903299,buy,"{""template_name"": ""C5"", ""matched"": true, ""score"": 1.0, ""matched_conditions"": 3, ""total_conditions"": 3, ""feature__base_breakout_ratio"": 0.997525, ""feature__volume_ratio_21d"": 2.969758, ""feature__adx_14"": 23.266381, ""feature__rsi_14"": 66.069403}",2017-04-07,253.0875711035,signal,"{""template_name"": ""C5"", ""matched"": false}",93,5911.629820534232,0.1459891870435221
orch_technical_20260730_050033_bdcd9eba,BEDMUTHA,,2017-04-07,34.95,buy,"{""template_name"": ""C5"", ""matched"": true, ""score"": 1.0, ""matched_conditions"": 3, ""total_conditions"": 3, ""feature__base_breakout_ratio"": 1.060698, ""feature__volume_ratio_21d"": 5.877188, ""feature__adx_14"": 26.167227, ""feature__rsi_14"": 75.415531}",2017-04-13,32.55,exit_model_urgent,,6,-3025.8213894414075,-0.07269161989699588
orch_technical_20260730_050033_bdcd9eba,BPL,,2017-04-07,84.55,buy,"{""template_name"": ""C5"", ""matched"": true, ""score"": 1.0, ""matched_conditions"": 3, ""total_conditions"": 3, ""feature__base_breakout_ratio"": 1.050963, ""feature__volume_ratio_21d"": 4.990357, ""feature__adx_14"": 27.626366, ""feature__rsi_14"": 78.478241}",2017-04-18,77.25,exit_model_urgent,,11,-3758.9133962712003,-0.09036153611590776
orch_technical_20260730_050033_bdcd9eba,DHANBANK,,2017-04-07,36.5,buy,"{""template_name"": ""C5"", ""matched"": true, ""score"": 1.0, ""matched_conditions"": 3, ""total_conditions"": 3, ""feature__base_breakout_ratio"": 1.084695, ""feature__volume_ratio_21d"": 9.70195, ""feature__adx_14"": 36.998205, ""feature__rsi_14"": 77.899574}",2017-04-18,33.85,exit_model_urgent,,11,-3191.1560544780004,-0.07662483172602741
orch_technical_20260730_050033_bdcd9eba,AVTNPL,,2017-04-07,45.5,buy,"{""template_name"": ""C5"", ""matched"": true, ""score"": 1.0, ""matched_conditions"": 3, ""total_conditions"": 3, ""feature__base_breakout_ratio"": 1.002203, ""feature__volume_ratio_21d"": 6.600986, ""feature__adx_14"": 39.898812, ""feature__rsi_14"": 74.424653}",2017-05-23,42.5,exit_model_urgent,,46,-2912.4497451900024,-0.069956157934066
orch_technical_20260730_050033_bdcd9eba,BIRLACABLE,,2017-04-07,45.1,buy,"{""template_name"": ""C5"", ""matched"": true, ""score"": 1.0, ""matched_conditions"": 3, ""total_conditions"": 3, ""feature__base_breakout_ratio"": 1.07381, ""feature__volume_ratio_21d"": 7.698964, ""feature__adx_14"": 22.048653, ""feature__rsi_14"": 73.559948}",2017-05-23,40.5,exit_model_urgent,,46,-4413.2288303116,-0.10601765741019956
orch_technical_20260730_050033_bdcd9eba,BANSWRAS,,2017-04-07,93.725,buy,"{""template_name"": ""C5"", ""matched"": true, ""score"": 1.0, ""matched_conditions"": 3, ""total_conditions"": 3, ""feature__base_breakout_ratio"": 1.096199, ""feature__volume_ratio_21d"": 8.706878, ""feature__adx_14"": 35.648403, ""feature__rsi_14"": 83.387415}",2017-05-26,84.825,exit_model_urgent,,49,-4118.974934278791,-0.09898074764150419
orch_technical_20260730_050033_bdcd9eba,EXCELINDUS,,2017-04-07,404.7,buy,"{""template_name"": ""C5"", ""matched"": true, ""score"": 1.0, ""matched_conditions"": 3, ""total_conditions"": 3, ""feature__base_breakout_ratio"": 0.999506, ""feature__volume_ratio_21d"": 6.153946, ""feature__adx_14"": 30.645851, ""feature__rsi_14"": 70.81711}",2017-05-29,370.35,exit_model_urgent,,52,-3669.7295445048003,-0.0888997791756857
orch_technical_20260730_050033_bdcd9eba,AHLUCONT,,2017-04-07,342.85,buy,"{""template_name"": ""C5"", ""matched"": true, ""score"": 1.0, ""matched_conditions"": 3, ""total_conditions"": 3, ""feature__base_breakout_ratio"": 1.045274, ""feature__volume_ratio_21d"": 4.955978, ""feature__adx_14"": 28.995113, ""feature__rsi_14"": 72.459363}",2017-06-16,317.1,exit_model_urgent,,70,-3282.605883306198,-0.07912782336940347
orch_technical_20260730_050033_bdcd9eba,GENUSPAPER,,2017-10-10,8.45,buy,"{""template_name"": ""C5"", ""matched"": true, ""score"": 1.0, ""matched_conditions"": 3, ""total_conditions"": 3, ""feature__base_breakout_ratio"": 1.198582, ""feature__volume_ratio_21d"": 6.399352, ""feature__adx_14"": 24.868291, ""feature__rsi_14"": 89.07832}",2017-10-11,7.65,exit_model_urgent,,1,-3998.132131455597,-0.09869664821301768
orch_technical_20260730_050033_bdcd9eba,CORALFINAC,,2017-10-10,97.3,buy,"{""template_name"": ""C5"", ""matched"": true, ""score"": 1.0, ""matched_conditions"": 3, ""total_conditions"": 3, ""feature__base_breakout_ratio"": 1.063388, ""feature__volume_ratio_21d"": 4.662132, ""feature__adx_14"": 28.092785, ""feature__rsi_14"": 75.494646}",2017-10-16,90.2,exit_model_urgent,,6,-3116.401413465588,-0.07699228727235326
orch_technical_20260730_050033_bdcd9eba,63MOONS,,2017-10-10,100.85,buy,"{""template_name"": ""C5"", ""matched"": true, ""score"": 1.0, ""matched_conditions"": 3, ""total_conditions"": 3, ""feature__base_breakout_ratio"": 1.109461, ""feature__volume_ratio_21d"": 3.235463, ""feature__adx_14"": 32.322009, ""feature__rsi_14"": 77.155566}",2017-10-18,138.25,exit_model_urgent,,8,14834.743180741803,0.36682570175309875
orch_technical_20260730_050033_bdcd9eba,GRAVITA,,2017-10-10,157.9866179374,buy,"{""template_name"": ""C5"", ""matched"": true, ""score"": 1.0, ""matched_conditions"": 3, ""total_conditions"": 3, ""feature__base_breakout_ratio"": 1.026928, ""feature__volume_ratio_21d"": 3.291876, ""feature__adx_14"": 44.320727, ""feature__rsi_14"": 81.822221}",2017-10-31,147.6770025237,exit_model_urgent,,21,-2801.933344208148,-0.06927834944950781
orch_technical_20260730_050033_bdcd9eba,BLUESTARCO,,2017-10-10,386.7077278564,buy,"{""template_name"": ""C5"", ""matched"": true, ""score"": 1.0, ""matched_conditions"": 3, ""total_conditions"": 3, ""feature__base_breakout_ratio"": 0.994969, ""feature__volume_ratio_21d"": 4.335398, ""feature__adx_14"": 25.037853, ""feature__rsi_14"": 62.248633}",2017-11-02,343.2579572499,exit_model_urgent,,23,-4680.535045165147,-0.1163802567756331
orch_technical_20260730_050033_bdcd9eba,DHAMPURSUG,,2017-10-10,302.5,buy,"{""template_name"": ""C5"", ""matched"": true, ""score"": 1.0, ""matched_conditions"": 3, ""total_conditions"": 3, ""feature__base_breakout_ratio"": 1.061404, ""feature__volume_ratio_21d"": 4.870265, ""feature__adx_14"": 20.473757, ""feature__rsi_14"": 76.108042}",2017-11-13,279.4,exit_model_urgent,,34,-3234.1188163900006,-0.08038572836363637
orch_technical_20260730_050033_bdcd9eba,CYBERTECH,,2017-10-10,71.45,buy,"{""template_name"": ""C5"", ""matched"": true, ""score"": 1.0, ""matched_conditions"": 3, ""total_conditions"": 3, ""feature__base_breakout_ratio"": 1.062454, ""feature__volume_ratio_21d"": 4.99559, ""feature__adx_14"": 27.777205, ""feature__rsi_14"": 75.622791}",2017-11-14,66.2,exit_model_urgent,,35,-3139.6935944177967,-0.07750004861301601
orch_technical_20260730_050033_bdcd9eba,DLINKINDIA,,2017-10-10,125.75,buy,"{""template_name"": ""C5"", ""matched"": true, ""score"": 1.0, ""matched_conditions"": 3, ""total_conditions"": 3, ""feature__base_breakout_ratio"": 1.002791, ""feature__volume_ratio_21d"": 3.71823, ""feature__adx_14"": 29.827087, ""feature__rsi_14"": 67.8819}",2017-11-14,116.95,exit_model_urgent,,35,-2996.4605382180016,-0.07400221128429428
orch_technical_20260730_050033_bdcd9eba,CENTENKA,,2017-10-10,342.7,buy,"{""template_name"": ""C5"", ""matched"": true, ""score"": 1.0, ""matched_conditions"": 3, ""total_conditions"": 3, ""feature__base_breakout_ratio"": 0.996221, ""feature__volume_ratio_21d"": 3.268986, ""feature__adx_14"": 24.307741, ""feature__rsi_14"": 63.093115}",2018-01-09,354.75,signal,"{""template_name"": ""C5"", ""matched"": false}",91,1259.2522304488011,0.031139857226728948
orch_technical_20260730_050033_bdcd9eba,GNFC,,2017-10-10,415.9,buy,"{""template_name"": ""C5"", ""matched"": true, ""score"": 1.0, ""matched_conditions"": 3, ""total_conditions"": 3, ""feature__base_breakout_ratio"": 1.056925, ""feature__volume_ratio_21d"": 3.562472, ""feature__adx_14"": 31.416711, ""feature__rsi_14"": 78.95155}",2018-01-09,477.35,signal,"{""template_name"": ""C5"", ""matched"": false}",91,5798.389557908406,0.143729771428709
orch_technical_20260730_050033_bdcd9eba,GOCLCORP,,2018-01-09,682.1,buy,"{""template_name"": ""C5"", ""matched"": true, ""score"": 1.0, ""matched_conditions"": 3, ""total_conditions"": 3, ""feature__base_breakout_ratio"": 1.109106, ""feature__volume_ratio_21d"": 4.46158, ""feature__adx_14"": 31.746931, ""feature__rsi_14"": 73.81852}",2018-01-12,632.15,exit_model_urgent,,3,-3108.914668238802,-0.07725182371089287
orch_technical_20260730_050033_bdcd9eba,ALICON,,2018-01-09,729.65,buy,"{""template_name"": ""C5"", ""matched"": true, ""score"": 1.0, ""matched_conditions"": 3, ""total_conditions"": 3, ""feature__base_breakout_ratio"": 1.011506, ""feature__volume_ratio_21d"": 3.90868, ""feature__adx_14"": 29.424834, ""feature__rsi_14"": 75.939395}",2018-01-16,673.15,exit_model_urgent,,7,-3268.9095685290013,-0.08145647834961971
orch_technical_20260730_050033_bdcd9eba,AARTIDRUGS,,2018-01-09,192.5875,buy,"{""template_name"": ""C5"", ""matched"": true, ""score"": 1.0, ""matched_conditions"": 3, ""total_conditions"": 3, ""feature__base_breakout_ratio"": 1.009898, ""feature__volume_ratio_21d"": 6.324482, ""feature__adx_14"": 46.696438, ""feature__rsi_14"": 88.572938}",2018-01-18,178.9875,exit_model_urgent,,9,-3004.2923703974448,-0.07463934389848757
orch_technical_20260730_050033_bdcd9eba,COALINDIA,,2018-01-09,149.7728037279,buy,"{""template_name"": ""C5"", ""matched"": true, ""score"": 1.0, ""matched_conditions"": 3, ""total_conditions"": 3, ""feature__base_breakout_ratio"": 1.046284, ""feature__volume_ratio_21d"": 5.008003, ""feature__adx_14"": 23.166307, ""feature__rsi_14"": 80.3692}",2018-01-18,139.4283574911,exit_model_urgent,,9,-2944.7016365402305,-0.07308967956812283
orch_technical_20260730_050033_bdcd9eba,ALKALI,,2018-01-09,91.0,buy,"{""template_name"": ""C5"", ""matched"": true, ""score"": 1.0, ""matched_conditions"": 3, ""total_conditions"": 3, ""feature__base_breakout_ratio"": 1.024775, ""feature__volume_ratio_21d"": 7.106302, ""feature__adx_14"": 41.858383, ""feature__rsi_14"": 75.367074}",2018-01-24,83.45,exit_model_urgent,,15,-3514.7086051679944,-0.08698912496703283
orch_technical_20260730_050033_bdcd9eba,ASTRAL,,2018-01-09,377.9792371244,buy,"{""template_name"": ""C5"", ""matched"": true, ""score"": 1.0, ""matched_conditions"": 3, ""total_conditions"": 3, ""feature__base_breakout_ratio"": 0.994204, ""feature__volume_ratio_21d"": 3.964901, ""feature__adx_14"": 34.375744, ""feature__rsi_14"": 61.241093}",2018-01-25,361.2627653571,exit_model_urgent,,16,-1933.0943375090428,-0.04824799153478932
orch_technical_20260730_050033_bdcd9eba,FMGOETZE,,2018-01-09,581.55,buy,"{""template_name"": ""C5"", ""matched"": true, ""score"": 1.0, ""matched_conditions"": 3, ""total_conditions"": 3, ""feature__base_breakout_ratio"": 1.061223, ""feature__volume_ratio_21d"": 12.717747, ""feature__adx_14"": 20.898466, ""feature__rsi_14"": 73.545078}",2018-01-25,559.6,exit_model_urgent,,16,-1675.9442845793965,-0.04176605210661156
orch_technical_20260730_050033_bdcd9eba,ARVSMART,,2018-01-09,212.45,buy,"{""template_name"": ""C5"", ""matched"": true, ""score"": 1.0, ""matched_conditions"": 3, ""total_conditions"": 3, ""feature__base_breakout_ratio"": 1.019434, ""feature__volume_ratio_21d"": 5.411379, ""feature__adx_14"": 21.463276, ""feature__rsi_14"": 71.694133}",2018-01-29,204.6,exit_model_urgent,,20,-1653.8537546259977,-0.04097196255777824
orch_technical_20260730_050033_bdcd9eba,CTE,,2018-01-09,90.4,buy,"{""template_name"": ""C5"", ""matched"": true, ""score"": 1.0, ""matched_conditions"": 3, ""total_conditions"": 3, ""feature__base_breakout_ratio"": 1.019741, ""feature__volume_ratio_21d"": 4.301877, ""feature__adx_14"": 43.883378, ""feature__rsi_14"": 86.767174}",2018-01-30,86.65,exit_model_urgent,,21,-1838.7779112096032,-0.04550439288495583
orch_technical_20260730_050033_bdcd9eba,EIHAHOTELS,,2018-01-09,272.625,buy,"{""template_name"": ""C5"", ""matched"": true, ""score"": 1.0, ""matched_conditions"": 3, ""total_conditions"": 3, ""feature__base_breakout_ratio"": 1.067652, ""feature__volume_ratio_21d"": 15.309422, ""feature__adx_14"": 26.992259, ""feature__rsi_14"": 87.717244}",2018-01-30,253.75,exit_model_urgent,,21,-2955.7853790619993,-0.07325638819440622
orch_technical_20260730_050033_bdcd9eba,AMRUTANJAN,,2018-04-13,310.55,buy,"{""template_name"": ""C5"", ""matched"": true, ""score"": 1.0, ""matched_conditions"": 3, ""total_conditions"": 3, ""feature__base_breakout_ratio"": 1.035253, ""feature__volume_ratio_21d"": 2.853025, ""feature__adx_14"": 24.971861, ""feature__rsi_14"": 71.745072}",2018-04-20,289.05,exit_model_urgent,,7,-2866.381644495603,-0.07325409972822418
orch_technical_20260730_050033_bdcd9eba,GRAVITA,,2018-04-13,171.6386200834,buy,"{""template_name"": ""C5"", ""matched"": true, ""score"": 1.0, ""matched_conditions"": 3, ""total_conditions"": 3, ""feature__base_breakout_ratio"": 1.001648, ""feature__volume_ratio_21d"": 3.509167, ""feature__adx_14"": 24.838088, ""feature__rsi_14"": 69.068697}",2018-05-17,157.4217075038,exit_model_urgent,,34,-3413.762288175225,-0.08685259117723614
orch_technical_20260730_050033_bdcd9eba,ESCORTS,,2018-04-13,920.8241679685,buy,"{""template_name"": ""C5"", ""matched"": true, ""score"": 1.0, ""matched_conditions"": 3, ""total_conditions"": 3, ""feature__base_breakout_ratio"": 1.025691, ""feature__volume_ratio_21d"": 3.256286, ""feature__adx_14"": 26.404415, ""feature__rsi_14"": 69.024744}",2018-05-18,852.8961116124,exit_model_urgent,,35,-3008.5312267706977,-0.07779085124744815
orch_technical_20260730_050033_bdcd9eba,GNA,,2018-04-13,261.7240659471,buy,"{""template_name"": ""C5"", ""matched"": true, ""score"": 1.0, ""matched_conditions"": 3, ""total_conditions"": 3, ""feature__base_breakout_ratio"": 0.991537, ""feature__volume_ratio_21d"": 2.067066, ""feature__adx_14"": 27.066938, ""feature__rsi_14"": 78.776214}",2018-05-24,239.9799193453,exit_model_urgent,,41,-3419.5237310479934,-0.08710251688608954
orch_technical_20260730_050033_bdcd9eba,ABBOTINDIA,,2018-04-13,6252.9204423703,buy,"{""template_name"": ""C5"", ""matched"": true, ""score"": 1.0, ""matched_conditions"": 3, ""total_conditions"": 3, ""feature__base_breakout_ratio"": 1.0552, ""feature__volume_ratio_21d"": 7.836994, ""feature__adx_14"": 32.981854, ""feature__rsi_14"": 85.463023}",2018-07-12,6877.6194179597,signal,"{""template_name"": ""C5"", ""matched"": false}",90,3597.2949258090302,0.0958830613354539
orch_technical_20260730_050033_bdcd9eba,BAJAJELEC,,2018-07-12,564.0,buy,"{""template_name"": ""C5"", ""matched"": true, ""score"": 1.0, ""matched_conditions"": 3, ""total_conditions"": 3, ""feature__base_breakout_ratio"": 1.007233, ""feature__volume_ratio_21d"": 3.525297, ""feature__adx_14"": 27.748929, ""feature__rsi_14"": 59.03085}",2018-07-16,524.2,exit_model_urgent,,4,-2902.7237322719957,-0.07458946788652471
orch_technical_20260730_050033_bdcd9eba,DCBBANK,,2018-07-12,182.6,buy,"{""template_name"": ""C5"", ""matched"": true, ""score"": 1.0, ""matched_conditions"": 3, ""total_conditions"": 3, ""feature__base_breakout_ratio"": 1.006615, ""feature__volume_ratio_21d"": 2.831094, ""feature__adx_14"": 29.266984, ""feature__rsi_14"": 60.756727}",2018-07-16,161.75,exit_model_urgent,,4,-4597.484441829598,-0.11820610076232198
orch_technical_20260730_050033_bdcd9eba,GMRAIRPORT,,2018-07-12,18.0,buy,"{""template_name"": ""C5"", ""matched"": true, ""score"": 1.0, ""matched_conditions"": 3, ""total_conditions"": 3, ""feature__base_breakout_ratio"": 1.031519, ""feature__volume_ratio_21d"": 2.354349, ""feature__adx_14"": 28.061154, ""feature__rsi_14"": 65.734788}",2018-09-21,16.2,exit_model_urgent,,71,-4059.3581182080015,-0.10402209200000004
orch_technical_20260730_050033_bdcd9eba,ARMANFIN,,2018-04-13,354.2,buy,"{""template_name"": ""C5"", ""matched"": true, ""score"": 1.0, ""matched_conditions"": 3, ""total_conditions"": 3, ""feature__base_breakout_ratio"": 1.006679, ""feature__volume_ratio_21d"": 2.406423, ""feature__adx_14"": 33.574823, ""feature__rsi_14"": 69.130478}",2018-09-28,340.15,exit_model_urgent,,168,-1717.6833734903994,-0.043688946884246176
orch_technical_20260730_050033_bdcd9eba,ATUL,,2018-10-16,3329.5156296473,buy,"{""template_name"": ""C5"", ""matched"": true, ""score"": 1.0, ""matched_conditions"": 3, ""total_conditions"": 3, ""feature__base_breakout_ratio"": 1.023427, ""feature__volume_ratio_21d"": 2.213536, ""feature__adx_14"": 21.04301, ""feature__rsi_14"": 66.809054}",2018-10-17,3192.5642670529,exit_model_urgent,,1,-1653.77278849508,-0.04515461030834867
orch_technical_20260730_050033_bdcd9eba,ESABINDIA,,2018-10-16,931.05,buy,"{""template_name"": ""C5"", ""matched"": true, ""score"": 1.0, ""matched_conditions"": 3, ""total_conditions"": 3, ""feature__base_breakout_ratio"": 1.007684, ""feature__volume_ratio_21d"": 2.440448, ""feature__adx_14"": 27.92454, ""feature__rsi_14"": 67.180554}",2018-10-17,891.45,exit_model_urgent,,1,-1777.135519020594,-0.046554716456258916
orch_technical_20260730_050033_bdcd9eba,FEDERALBNK,,2018-10-16,81.1586997944,buy,"{""template_name"": ""C5"", ""matched"": true, ""score"": 1.0, ""matched_conditions"": 3, ""total_conditions"": 3, ""feature__base_breakout_ratio"": 1.037484, ""feature__volume_ratio_21d"": 4.973767, ""feature__adx_14"": 32.643711, ""feature__rsi_14"": 64.542219}",2018-10-17,78.0276538134,exit_model_urgent,,1,-1638.842551894224,-0.04260139389778687
orch_technical_20260730_050033_bdcd9eba,BHAGERIA,,2018-10-16,316.9,buy,"{""template_name"": ""C5"", ""matched"": true, ""score"": 1.0, ""matched_conditions"": 3, ""total_conditions"": 3, ""feature__base_breakout_ratio"": 1.000632, ""feature__volume_ratio_21d"": 2.973306, ""feature__adx_14"": 36.906684, ""feature__rsi_14"": 68.727977}",2018-10-25,296.35,exit_model_urgent,,9,-2640.7767155307884,-0.06886904687535471
orch_technical_20260730_050033_bdcd9eba,AJMERA,,2019-01-17,7.684,buy,"{""template_name"": ""C5"", ""matched"": true, ""score"": 1.0, ""matched_conditions"": 3, ""total_conditions"": 3, ""feature__base_breakout_ratio"": 1.050301, ""feature__volume_ratio_21d"": 8.908081, ""feature__adx_14"": 30.455951, ""feature__rsi_14"": 72.852743}",2019-01-21,7.112,exit_model_urgent,,4,-2996.4416019921628,-0.07846248762727752
orch_technical_20260730_050033_bdcd9eba,ASAL,,2019-01-17,81.3,buy,"{""template_name"": ""C5"", ""matched"": true, ""score"": 1.0, ""matched_conditions"": 3, ""total_conditions"": 3, ""feature__base_breakout_ratio"": 1.006188, ""feature__volume_ratio_21d"": 2.09273, ""feature__adx_14"": 40.690514, ""feature__rsi_14"": 71.002163}",2019-01-22,65.9,exit_model_urgent,,5,-7375.961161332394,-0.19344398621894204
orch_technical_20260730_050033_bdcd9eba,DCBBANK,,2019-01-17,186.3,buy,"{""template_name"": ""C5"", ""matched"": true, ""score"": 1.0, ""matched_conditions"": 3, ""total_conditions"": 3, ""feature__base_breakout_ratio"": 1.000268, ""feature__volume_ratio_21d"": 3.186188, ""feature__adx_14"": 40.779481, ""feature__rsi_14"": 76.922895}",2019-02-15,172.0,exit_model_urgent,,29,-3070.0604108784028,-0.08078000933762755
orch_technical_20260730_050033_bdcd9eba,ESSARSHPNG,,2019-04-22,15.95,buy,"{""template_name"": ""C5"", ""matched"": true, ""score"": 1.0, ""matched_conditions"": 3, ""total_conditions"": 3, ""feature__base_breakout_ratio"": 1.077703, ""feature__volume_ratio_21d"": 5.747349, ""feature__adx_14"": 22.311512, ""feature__rsi_14"": 83.899214}",2019-04-23,14.4,exit_model_urgent,,1,-3809.399587063999,-0.10120077538557992
orch_technical_20260730_050033_bdcd9eba,ALKYLAMINE,,2019-04-22,353.206174572,buy,"{""template_name"": ""C5"", ""matched"": true, ""score"": 1.0, ""matched_conditions"": 3, ""total_conditions"": 3, ""feature__base_breakout_ratio"": 0.994401, ""feature__volume_ratio_21d"": 2.934562, ""feature__adx_14"": 30.725362, ""feature__rsi_14"": 68.94481}",2019-05-07,330.1364019085,exit_model_urgent,,15,-2595.982441615248,-0.06933740731535366
orch_technical_20260730_050033_bdcd9eba,ALICON,,2019-04-22,629.35,buy,"{""template_name"": ""C5"", ""matched"": true, ""score"": 1.0, ""matched_conditions"": 3, ""total_conditions"": 3, ""feature__base_breakout_ratio"": 1.02835, ""feature__volume_ratio_21d"": 6.999646, ""feature__adx_14"": 24.309913, ""feature__rsi_14"": 66.93687}",2019-05-10,588.1,exit_model_urgent,,18,-2583.0969124117983,-0.06956590704727095
orch_technical_20260730_050033_bdcd9eba,APLLTD,,2019-04-22,557.9,buy,"{""template_name"": ""C5"", ""matched"": true, ""score"": 1.0, ""matched_conditions"": 3, ""total_conditions"": 3, ""feature__base_breakout_ratio"": 1.019927, ""feature__volume_ratio_21d"": 2.141449, ""feature__adx_14"": 40.105132, ""feature__rsi_14"": 64.073376}",2019-05-24,519.7,exit_model_urgent,,32,-2709.742983495591,-0.07249314415988506
orch_technical_20260730_050033_bdcd9eba,CANFINHOME,,2019-07-23,385.1885782309,buy,"{""template_name"": ""C5"", ""matched"": true, ""score"": 1.0, ""matched_conditions"": 3, ""total_conditions"": 3, ""feature__base_breakout_ratio"": 1.020352, ""feature__volume_ratio_21d"": 2.779417, ""feature__adx_14"": 32.526917, ""feature__rsi_14"": 71.740262}",2019-07-24,368.969113351,exit_model_urgent,,1,-1705.7979627738168,-0.0461299472079427
orch_technical_20260730_050033_bdcd9eba,GICRE,,2019-10-29,276.3539999822,buy,"{""template_name"": ""C5"", ""matched"": true, ""score"": 1.0, ""matched_conditions"": 3, ""total_conditions"": 3, ""feature__base_breakout_ratio"": 1.033505, ""feature__volume_ratio_21d"": 3.442696, ""feature__adx_14"": 47.993592, ""feature__rsi_14"": 75.336778}",2019-11-05,257.4709585869,exit_model_urgent,,7,-2679.271389444715,-0.07235126905738377
orch_technical_20260730_050033_bdcd9eba,ESABINDIA,,2019-10-29,1344.15,buy,"{""template_name"": ""C5"", ""matched"": true, ""score"": 1.0, ""matched_conditions"": 3, ""total_conditions"": 3, ""feature__base_breakout_ratio"": 1.033962, ""feature__volume_ratio_21d"": 2.779284, ""feature__adx_14"": 52.051303, ""feature__rsi_14"": 72.038337}",2019-11-11,1230.35,exit_model_urgent,,13,-3218.5699639686063,-0.08868526203310659
orch_technical_20260730_050033_bdcd9eba,GOLDIAM,,2019-10-29,29.36,buy,"{""template_name"": ""C5"", ""matched"": true, ""score"": 1.0, ""matched_conditions"": 3, ""total_conditions"": 3, ""feature__base_breakout_ratio"": 1.020862, ""feature__volume_ratio_21d"": 4.314475, ""feature__adx_14"": 37.223465, ""feature__rsi_14"": 74.027171}",2019-11-11,25.88,exit_model_urgent,,13,-4547.984017095681,-0.12255070235422347
orch_technical_20260730_050033_bdcd9eba,BEML,,2019-10-29,489.1863007521,buy,"{""template_name"": ""C5"", ""matched"": true, ""score"": 1.0, ""matched_conditions"": 3, ""total_conditions"": 3, ""feature__base_breakout_ratio"": 1.016381, ""feature__volume_ratio_21d"": 2.036716, ""feature__adx_14"": 28.899215, ""feature__rsi_14"": 67.752437}",2019-11-18,456.5819670943,exit_model_urgent,,20,-2592.891447342343,-0.07067222837477663
orch_technical_20260730_050033_bdcd9eba,ALICON,,2019-10-29,403.4,buy,"{""template_name"": ""C5"", ""matched"": true, ""score"": 1.0, ""matched_conditions"": 3, ""total_conditions"": 3, ""feature__base_breakout_ratio"": 0.996049, ""feature__volume_ratio_21d"": 2.505989, ""feature__adx_14"": 28.608347, ""feature__rsi_14"": 63.249677}",2019-11-20,375.85,exit_model_urgent,,22,-2683.8710959775926,-0.07231658877739197
orch_technical_20260730_050033_bdcd9eba,FOSECOIND,,2019-10-29,1380.35,buy,"{""template_name"": ""C5"", ""matched"": true, ""score"": 1.0, ""matched_conditions"": 3, ""total_conditions"": 3, ""feature__base_breakout_ratio"": 0.994488, ""feature__volume_ratio_21d"": 2.16568, ""feature__adx_14"": 42.431518, ""feature__rsi_14"": 65.995851}",2019-12-06,1289.75,exit_model_urgent,,38,-2499.9492619972007,-0.06965761922135692
orch_technical_20260730_050033_bdcd9eba,GRSE,,2019-10-29,187.4216591019,buy,"{""template_name"": ""C5"", ""matched"": true, ""score"": 1.0, ""matched_conditions"": 3, ""total_conditions"": 3, ""feature__base_breakout_ratio"": 1.066114, ""feature__volume_ratio_21d"": 2.090433, ""feature__adx_14"": 44.106855, ""feature__rsi_14"": 79.181802}",2019-12-11,173.3683491292,exit_model_urgent,,43,-2931.813151423288,-0.07900440749139831
orch_technical_20260730_050033_bdcd9eba,BALMLAWRIE,,2019-10-29,192.4,buy,"{""template_name"": ""C5"", ""matched"": true, ""score"": 1.0, ""matched_conditions"": 3, ""total_conditions"": 3, ""feature__base_breakout_ratio"": 1.028877, ""feature__volume_ratio_21d"": 2.268862, ""feature__adx_14"": 23.464134, ""feature__rsi_14"": 71.851068}",2019-12-26,128.05,exit_model_urgent,,58,-12503.7792961536,-0.3384815514594594
orch_technical_20260730_050033_bdcd9eba,EVEREADY,,2019-10-29,52.55,buy,"{""template_name"": ""C5"", ""matched"": true, ""score"": 1.0, ""matched_conditions"": 3, ""total_conditions"": 3, ""feature__base_breakout_ratio"": 1.039565, ""feature__volume_ratio_21d"": 3.31019, ""feature__adx_14"": 44.162464, ""feature__rsi_14"": 59.042961}",2020-01-28,54.6,signal,"{""template_name"": ""C5"", ""matched"": false}",91,1142.2579201724002,0.030788374222645108
orch_technical_20260730_050033_bdcd9eba,FDC,,2019-10-29,180.3,buy,"{""template_name"": ""C5"", ""matched"": true, ""score"": 1.0, ""matched_conditions"": 3, ""total_conditions"": 3, ""feature__base_breakout_ratio"": 1.002781, ""feature__volume_ratio_21d"": 2.309729, ""feature__adx_14"": 27.78136, ""feature__rsi_14"": 70.788526}",2020-01-28,227.55,signal,"{""template_name"": ""C5"", ""matched"": false}",91,9537.587446541998,0.25804113595341094
orch_technical_20260730_050033_bdcd9eba,ASTRAL,,2020-01-28,684.5463123923,buy,"{""template_name"": ""C5"", ""matched"": true, ""score"": 1.0, ""matched_conditions"": 3, ""total_conditions"": 3, ""feature__base_breakout_ratio"": 1.025313, ""feature__volume_ratio_21d"": 3.911175, ""feature__adx_14"": 22.428274, ""feature__rsi_14"": 72.241609}",2020-02-03,649.6048546279,exit_model_urgent,,6,-1960.1278325773383,-0.0550653262295284
orch_technical_20260730_050033_bdcd9eba,DHANUKA,,2020-01-28,515.5,buy,"{""template_name"": ""C5"", ""matched"": true, ""score"": 1.0, ""matched_conditions"": 3, ""total_conditions"": 3, ""feature__base_breakout_ratio"": 1.053223, ""feature__volume_ratio_21d"": 6.748122, ""feature__adx_14"": 65.762264, ""feature__rsi_14"": 76.016417}",2020-02-25,495.75,exit_model_urgent,,28,-1527.6371898200014,-0.0423344101377304
orch_technical_20260730_050033_bdcd9eba,DRREDDY,,2020-01-28,633.8102741453,buy,"{""template_name"": ""C5"", ""matched"": true, ""score"": 1.0, ""matched_conditions"": 3, ""total_conditions"": 3, ""feature__base_breakout_ratio"": 0.993814, ""feature__volume_ratio_21d"": 3.133493, ""feature__adx_14"": 32.630107, ""feature__rsi_14"": 78.378193}",2020-02-26,611.1937119899,exit_model_urgent,,29,-1434.4509071477878,-0.03970558133109161
orch_technical_20260730_050033_bdcd9eba,APLLTD,,2020-01-28,632.4,buy,"{""template_name"": ""C5"", ""matched"": true, ""score"": 1.0, ""matched_conditions"": 3, ""total_conditions"": 3, ""feature__base_breakout_ratio"": 0.998264, ""feature__volume_ratio_21d"": 3.269263, ""feature__adx_14"": 24.345081, ""feature__rsi_14"": 75.419019}",2020-03-12,578.2,exit_model_urgent,,44,-3234.3835459055917,-0.08972734184187202
orch_technical_20260730_050033_bdcd9eba,ASALCBR,,2020-05-04,198.6,buy,"{""template_name"": ""C5"", ""matched"": true, ""score"": 1.0, ""matched_conditions"": 3, ""total_conditions"": 3, ""feature__base_breakout_ratio"": 1.103333, ""feature__volume_ratio_21d"": 10.124741, ""feature__adx_14"": 33.644551, ""feature__rsi_14"": 65.740889}",2020-05-06,181.35,exit_model_urgent,,2,-3248.7817448159985,-0.09088009804229603
orch_technical_20260730_050033_bdcd9eba,FCL,,2020-05-04,2.97,buy,"{""template_name"": ""C5"", ""matched"": true, ""score"": 1.0, ""matched_conditions"": 3, ""total_conditions"": 3, ""feature__base_breakout_ratio"": 1.097967, ""feature__volume_ratio_21d"": 4.725564, ""feature__adx_14"": 33.166396, ""feature__rsi_14"": 75.576016}",2020-05-06,2.715,exit_model_urgent,,2,-3224.1691167127283,-0.08988067785858608
orch_technical_20260730_050033_bdcd9eba,GMBREW,,2020-05-04,427.3,buy,"{""template_name"": ""C5"", ""matched"": true, ""score"": 1.0, ""matched_conditions"": 3, ""total_conditions"": 3, ""feature__base_breakout_ratio"": 1.055062, ""feature__volume_ratio_21d"": 8.060288, ""feature__adx_14"": 24.626327, ""feature__rsi_14"": 66.423179}",2020-05-06,396.5,exit_model_urgent,,2,-2699.0471126628,-0.07610259749964896
orch_technical_20260730_050033_bdcd9eba,APOLLO,,2020-05-04,8.0,buy,"{""template_name"": ""C5"", ""matched"": true, ""score"": 1.0, ""matched_conditions"": 3, ""total_conditions"": 3, ""feature__base_breakout_ratio"": 1.113431, ""feature__volume_ratio_21d"": 7.401378, ""feature__adx_14"": 43.966206, ""feature__rsi_14"": 74.945801}",2020-05-08,7.265,exit_model_urgent,,4,-3439.253307488001,-0.09589709200000003
orch_technical_20260730_050033_bdcd9eba,BHEL,,2020-05-04,23.1892374122,buy,"{""template_name"": ""C5"", ""matched"": true, ""score"": 1.0, ""matched_conditions"": 3, ""total_conditions"": 3, ""feature__base_breakout_ratio"": 1.006424, ""feature__volume_ratio_21d"": 4.580716, ""feature__adx_14"": 36.732163, ""feature__rsi_14"": 54.959023}",2020-05-12,21.215685292,exit_model_urgent,,8,-3195.305832580725,-0.08912847497927394
orch_technical_20260730_050033_bdcd9eba,ASTRAZEN,,2020-05-04,3242.55,buy,"{""template_name"": ""C5"", ""matched"": true, ""score"": 1.0, ""matched_conditions"": 3, ""total_conditions"": 3, ""feature__base_breakout_ratio"": 0.99923, ""feature__volume_ratio_21d"": 2.788885, ""feature__adx_14"": 30.158769, ""feature__rsi_14"": 73.09809}",2020-05-14,3009.3,exit_model_urgent,,10,-2709.210178560599,-0.07595621791941524
orch_technical_20260730_050033_bdcd9eba,DEEPAKFERT,,2020-07-31,158.4651877133,buy,"{""template_name"": ""C5"", ""matched"": true, ""score"": 1.0, ""matched_conditions"": 3, ""total_conditions"": 3, ""feature__base_breakout_ratio"": 1.064, ""feature__volume_ratio_21d"": 5.198802, ""feature__adx_14"": 38.099772, ""feature__rsi_14"": 78.817751}",2020-08-10,147.5930460751,exit_model_urgent,,10,-2543.6002076376208,-0.07263111455623632
orch_technical_20260730_050033_bdcd9eba,AUROPHARMA,,2020-07-31,846.4243343193,buy,"{""template_name"": ""C5"", ""matched"": true, ""score"": 1.0, ""matched_conditions"": 3, ""total_conditions"": 3, ""feature__base_breakout_ratio"": 1.033867, ""feature__volume_ratio_21d"": 2.246979, ""feature__adx_14"": 27.069173, ""feature__rsi_14"": 66.963219}",2020-08-31,782.8408918716,exit_model_urgent,,31,-2746.501398646211,-0.07914214688220543
orch_technical_20260730_050033_bdcd9eba,DABUR,,2020-07-31,494.6202944501,buy,"{""template_name"": ""C5"", ""matched"": true, ""score"": 1.0, ""matched_conditions"": 3, ""total_conditions"": 3, ""feature__base_breakout_ratio"": 1.020974, ""feature__volume_ratio_21d"": 2.263786, ""feature__adx_14"": 20.894102, ""feature__rsi_14"": 68.785695}",2020-08-31,457.1060106046,exit_model_urgent,,31,-2804.7621444140277,-0.07986670304089354
orch_technical_20260730_050033_bdcd9eba,BROOKS,,2020-05-04,36.9,buy,"{""template_name"": ""C5"", ""matched"": true, ""score"": 1.0, ""matched_conditions"": 3, ""total_conditions"": 3, ""feature__base_breakout_ratio"": 1.049787, ""feature__volume_ratio_21d"": 3.233881, ""feature__adx_14"": 37.953453, ""feature__rsi_14"": 86.215609}",2020-09-18,49.15,exit_model_urgent,,137,11762.740430654398,0.32795622778319783
orch_technical_20260730_050033_bdcd9eba,ADVENZYMES,,2020-07-31,190.1,buy,"{""template_name"": ""C5"", ""matched"": true, ""score"": 1.0, ""matched_conditions"": 3, ""total_conditions"": 3, ""feature__base_breakout_ratio"": 1.026458, ""feature__volume_ratio_21d"": 3.654055, ""feature__adx_14"": 34.660749, ""feature__rsi_14"": 72.372611}",2020-09-18,251.05,exit_model_urgent,,49,11074.113657187205,0.31659863393371923
orch_technical_20260730_050033_bdcd9eba,ALPA,,2020-07-31,25.1,buy,"{""template_name"": ""C5"", ""matched"": true, ""score"": 1.0, ""matched_conditions"": 3, ""total_conditions"": 3, ""feature__base_breakout_ratio"": 1.008032, ""feature__volume_ratio_21d"": 3.28375, ""feature__adx_14"": 20.872492, ""feature__rsi_14"": 72.373453}",2020-10-08,35.8,exit_model_urgent,,69,14828.064641629193,0.42227272871713123
orch_technical_20260730_050033_bdcd9eba,AMRUTANJAN,,2020-07-31,430.2,buy,"{""template_name"": ""C5"", ""matched"": true, ""score"": 1.0, ""matched_conditions"": 3, ""total_conditions"": 3, ""feature__base_breakout_ratio"": 1.02052, ""feature__volume_ratio_21d"": 5.691943, ""feature__adx_14"": 24.243783, ""feature__rsi_14"": 71.427545}",2020-10-29,408.9,signal,"{""template_name"": ""C5"", ""matched"": false}",90,-1865.4546222503923,-0.053533946951185275
orch_technical_20260730_050033_bdcd9eba,CIPLA,,2020-07-31,692.3764073971,buy,"{""template_name"": ""C5"", ""matched"": true, ""score"": 1.0, ""matched_conditions"": 3, ""total_conditions"": 3, ""feature__base_breakout_ratio"": 1.030331, ""feature__volume_ratio_21d"": 2.787502, ""feature__adx_14"": 27.029608, ""feature__rsi_14"": 70.607164}",2020-10-29,732.900833658,signal,"{""template_name"": ""C5"", ""matched"": false}",90,1886.9812325859748,0.05450738102645172
orch_technical_20260730_050033_bdcd9eba,APOLLOPIPE,,2020-10-29,466.35,buy,"{""template_name"": ""C5"", ""matched"": true, ""score"": 1.0, ""matched_conditions"": 3, ""total_conditions"": 3, ""feature__base_breakout_ratio"": 1.000751, ""feature__volume_ratio_21d"": 2.934971, ""feature__adx_14"": 40.496902, ""feature__rsi_14"": 76.80957}",2020-11-10,616.85,exit_model_urgent,,12,11444.070899476603,0.31869689588463607
orch_technical_20260730_050033_bdcd9eba,CRISIL,,2020-10-29,1950.189453373,buy,"{""template_name"": ""C5"", ""matched"": true, ""score"": 1.0, ""matched_conditions"": 3, ""total_conditions"": 3, ""feature__base_breakout_ratio"": 1.044076, ""feature__volume_ratio_21d"": 5.221968, ""feature__adx_14"": 24.896225, ""feature__rsi_14"": 75.423351}",2020-12-14,1821.5477353714,exit_model_urgent,,46,-2456.7400692089286,-0.06998579505413381
orch_technical_20260730_050033_bdcd9eba,CUMMINSIND,,2021-01-29,632.6992294576,buy,"{""template_name"": ""C5"", ""matched"": true, ""score"": 1.0, ""matched_conditions"": 3, ""total_conditions"": 3, ""feature__base_breakout_ratio"": 1.028318, ""feature__volume_ratio_21d"": 3.943774, ""feature__adx_14"": 26.733687, ""feature__rsi_14"": 68.203322}",2021-03-04,856.3719524149,exit_model_urgent,,34,12604.293061541255,0.34949931682019053
orch_technical_20260730_050033_bdcd9eba,DSSL,,2021-05-05,100.1,buy,"{""template_name"": ""C5"", ""matched"": true, ""score"": 1.0, ""matched_conditions"": 3, ""total_conditions"": 3, ""feature__base_breakout_ratio"": 1.110372, ""feature__volume_ratio_21d"": 4.311206, ""feature__adx_14"": 30.182111, ""feature__rsi_14"": 75.247299}",2021-06-09,150.8,exit_model_urgent,,35,18660.331167186807,0.5024714144935067
orch_technical_20260730_050033_bdcd9eba,GINNIFILA,,2021-05-05,26.9,buy,"{""template_name"": ""C5"", ""matched"": true, ""score"": 1.0, ""matched_conditions"": 3, ""total_conditions"": 3, ""feature__base_breakout_ratio"": 1.116183, ""feature__volume_ratio_21d"": 6.637844, ""feature__adx_14"": 22.483391, ""feature__rsi_14"": 78.925858}",2021-06-25,35.85,exit_model_urgent,,51,12219.375512226412,0.3286916626468405
orch_technical_20260730_050033_bdcd9eba,GESHIP,,2021-05-05,340.908529273,buy,"{""template_name"": ""C5"", ""matched"": true, ""score"": 1.0, ""matched_conditions"": 3, ""total_conditions"": 3, ""feature__base_breakout_ratio"": 1.145714, ""feature__volume_ratio_21d"": 8.608118, ""feature__adx_14"": 21.450104, ""feature__rsi_14"": 80.055967}",2021-07-08,315.9142380993,exit_model_urgent,,64,-2873.8347739802557,-0.07733880022962758
orch_technical_20260730_050033_bdcd9eba,EVERESTIND,,2021-05-05,361.95,buy,"{""template_name"": ""C5"", ""matched"": true, ""score"": 1.0, ""matched_conditions"": 3, ""total_conditions"": 3, ""feature__base_breakout_ratio"": 1.011881, ""feature__volume_ratio_21d"": 5.713763, ""feature__adx_14"": 29.895847, ""feature__rsi_14"": 75.553939}",2021-07-27,489.5,exit_model_urgent,,83,12861.6087876612,0.34837464788119904
orch_technical_20260730_050033_bdcd9eba,AARTIIND,,2021-05-05,845.470460448,buy,"{""template_name"": ""C5"", ""matched"": true, ""score"": 1.0, ""matched_conditions"": 3, ""total_conditions"": 3, ""feature__base_breakout_ratio"": 1.01641, ""feature__volume_ratio_21d"": 2.965414, ""feature__adx_14"": 39.283892, ""feature__rsi_14"": 79.547656}",2021-08-04,929.4409485638,signal,"{""template_name"": ""C5"", ""matched"": false}",91,3464.5069100456167,0.09529597059831414
orch_technical_20260730_050033_bdcd9eba,ALKEM,,2021-05-05,2771.970469391,buy,"{""template_name"": ""C5"", ""matched"": true, ""score"": 1.0, ""matched_conditions"": 3, ""total_conditions"": 3, ""feature__base_breakout_ratio"": 1.001886, ""feature__volume_ratio_21d"": 3.725878, ""feature__adx_14"": 23.575575, ""feature__rsi_14"": 65.044064}",2021-08-04,3254.7393248281,signal,"{""template_name"": ""C5"", ""matched"": false}",91,6131.056557443044,0.1701388021249523
orch_technical_20260730_050033_bdcd9eba,GANDHITUBE,,2021-08-04,540.6,buy,"{""template_name"": ""C5"", ""matched"": true, ""score"": 1.0, ""matched_conditions"": 3, ""total_conditions"": 3, ""feature__base_breakout_ratio"": 1.072832, ""feature__volume_ratio_21d"": 6.05414, ""feature__adx_14"": 68.35199, ""feature__rsi_14"": 84.476925}",2021-08-06,505.2,exit_model_urgent,,2,-2705.352691334403,-0.06950488889234191
orch_technical_20260730_050033_bdcd9eba,GICHSGFIN,,2021-08-04,188.910883905,buy,"{""template_name"": ""C5"", ""matched"": true, ""score"": 1.0, ""matched_conditions"": 3, ""total_conditions"": 3, ""feature__base_breakout_ratio"": 1.013045, ""feature__volume_ratio_21d"": 6.441285, ""feature__adx_14"": 23.382243, ""feature__rsi_14"": 66.587836}",2021-08-09,176.1157351883,exit_model_urgent,,5,-2805.877894014411,-0.07175322771971022
orch_technical_20260730_050033_bdcd9eba,CANFINHOME,,2021-08-04,537.0919291388,buy,"{""template_name"": ""C5"", ""matched"": true, ""score"": 1.0, ""matched_conditions"": 3, ""total_conditions"": 3, ""feature__base_breakout_ratio"": 0.995604, ""feature__volume_ratio_21d"": 2.73327, ""feature__adx_14"": 32.177405, ""feature__rsi_14"": 61.794458}",2021-08-10,496.7329682825,exit_model_urgent,,6,-3061.381968558264,-0.07916557985879823
orch_technical_20260730_050033_bdcd9eba,DPWIRES,,2021-08-04,263.95,buy,"{""template_name"": ""C5"", ""matched"": true, ""score"": 1.0, ""matched_conditions"": 3, ""total_conditions"": 3, ""feature__base_breakout_ratio"": 1.15262, ""feature__volume_ratio_21d"": 6.454109, ""feature__adx_14"": 31.856402, ""feature__rsi_14"": 82.834968}",2021-08-10,245.75,exit_model_urgent,,6,-2850.721415143198,-0.07297454511612043
orch_technical_20260730_050033_bdcd9eba,AARTISURF,,2021-08-04,1702.1,buy,"{""template_name"": ""C5"", ""matched"": true, ""score"": 1.0, ""matched_conditions"": 3, ""total_conditions"": 3, ""feature__base_breakout_ratio"": 1.047898, ""feature__volume_ratio_21d"": 7.45517, ""feature__adx_14"": 29.447802, ""feature__rsi_14"": 75.263293}",2021-08-11,1465.65,exit_model_urgent,,7,-5595.808064243589,-0.14293872439527616
orch_technical_20260730_050033_bdcd9eba,ADVANIHOTR,,2021-08-04,78.9,buy,"{""template_name"": ""C5"", ""matched"": true, ""score"": 1.0, ""matched_conditions"": 3, ""total_conditions"": 3, ""feature__base_breakout_ratio"": 1.002541, ""feature__volume_ratio_21d"": 4.211067, ""feature__adx_14"": 33.501484, ""feature__rsi_14"": 68.800243}",2021-08-11,69.35,exit_model_urgent,,7,-4894.2021571648,-0.12506138224081115
orch_technical_20260730_050033_bdcd9eba,DPABHUSHAN,,2021-08-04,208.3,buy,"{""template_name"": ""C5"", ""matched"": true, ""score"": 1.0, ""matched_conditions"": 3, ""total_conditions"": 3, ""feature__base_breakout_ratio"": 1.006037, ""feature__volume_ratio_21d"": 2.118966, ""feature__adx_14"": 42.988767, ""feature__rsi_14"": 75.568345}",2021-08-11,194.45,exit_model_urgent,,7,-2761.306731556804,-0.07051273050216045
orch_technical_20260730_050033_bdcd9eba,ESTER,,2021-08-04,156.8,buy,"{""template_name"": ""C5"", ""matched"": true, ""score"": 1.0, ""matched_conditions"": 3, ""total_conditions"": 3, ""feature__base_breakout_ratio"": 1.012266, ""feature__volume_ratio_21d"": 5.293967, ""feature__adx_14"": 24.754374, ""feature__rsi_14"": 68.634111}",2021-08-11,143.95,exit_model_urgent,,7,-3356.6853423744105,-0.08597362261224516
orch_technical_20260730_050033_bdcd9eba,GNA,,2021-08-04,352.1757442771,buy,"{""template_name"": ""C5"", ""matched"": true, ""score"": 1.0, ""matched_conditions"": 3, ""total_conditions"": 3, ""feature__base_breakout_ratio"": 1.023665, ""feature__volume_ratio_21d"": 2.165543, ""feature__adx_14"": 50.663459, ""feature__rsi_14"": 80.327303}",2021-08-23,324.871450599,exit_model_urgent,,19,-3188.0062383143595,-0.08155239930195991
orch_technical_20260730_050033_bdcd9eba,CINELINE,,2021-08-04,86.35,buy,"{""template_name"": ""C5"", ""matched"": true, ""score"": 1.0, ""matched_conditions"": 3, ""total_conditions"": 3, ""feature__base_breakout_ratio"": 1.074005, ""feature__volume_ratio_21d"": 5.154247, ""feature__adx_14"": 48.846821, ""feature__rsi_14"": 89.585531}",2021-10-12,125.5,exit_model_urgent,,69,17577.619637177406,0.44936528495425615
orch_technical_20260730_050033_bdcd9eba,ANUP,,2021-11-08,551.375,buy,"{""template_name"": ""C5"", ""matched"": true, ""score"": 1.0, ""matched_conditions"": 3, ""total_conditions"": 3, ""feature__base_breakout_ratio"": 0.993468, ""feature__volume_ratio_21d"": 2.964053, ""feature__adx_14"": 24.874486, ""feature__rsi_14"": 67.750602}",2021-11-10,522.0,exit_model_urgent,,2,-2211.487668355003,-0.05729799315620048
orch_technical_20260730_050033_bdcd9eba,ARIES,,2021-11-08,161.45,buy,"{""template_name"": ""C5"", ""matched"": true, ""score"": 1.0, ""matched_conditions"": 3, ""total_conditions"": 3, ""feature__base_breakout_ratio"": 1.038264, ""feature__volume_ratio_21d"": 6.740429, ""feature__adx_14"": 21.462066, ""feature__rsi_14"": 69.185077}",2021-11-10,153.75,exit_model_urgent,,2,-1995.4986540625978,-0.051714876143697686
orch_technical_20260730_050033_bdcd9eba,ASTRAMICRO,,2021-11-08,272.5,buy,"{""template_name"": ""C5"", ""matched"": true, ""score"": 1.0, ""matched_conditions"": 3, ""total_conditions"": 3, ""feature__base_breakout_ratio"": 1.04107, ""feature__volume_ratio_21d"": 2.891973, ""feature__adx_14"": 36.037811, ""feature__rsi_14"": 76.614922}",2021-11-10,259.65,exit_model_urgent,,2,-1966.388829870004,-0.0511780553027524
orch_technical_20260730_050033_bdcd9eba,EIHOTEL,,2021-11-08,150.8759442005,buy,"{""template_name"": ""C5"", ""matched"": true, ""score"": 1.0, ""matched_conditions"": 3, ""total_conditions"": 3, ""feature__base_breakout_ratio"": 1.019463, ""feature__volume_ratio_21d"": 2.806034, ""feature__adx_14"": 43.190535, ""feature__rsi_14"": 72.609496}",2021-11-12,141.5393156588,exit_model_urgent,,4,-2545.5271602844805,-0.06590490964316563
orch_technical_20260730_050033_bdcd9eba,ALLCARGO,,2021-11-08,375.0,buy,"{""template_name"": ""C5"", ""matched"": true, ""score"": 1.0, ""matched_conditions"": 3, ""total_conditions"": 3, ""feature__base_breakout_ratio"": 1.067616, ""feature__volume_ratio_21d"": 3.119859, ""feature__adx_14"": 29.302981, ""feature__rsi_14"": 78.478924}",2021-11-15,360.7,exit_model_urgent,,7,-1628.2533035000015,-0.04215542533333337
orch_technical_20260730_050033_bdcd9eba,APTUS,,2021-11-08,338.0793789413,buy,"{""template_name"": ""C5"", ""matched"": true, ""score"": 1.0, ""matched_conditions"": 3, ""total_conditions"": 3, ""feature__base_breakout_ratio"": 1.023286, ""feature__volume_ratio_21d"": 2.47666, ""feature__adx_14"": 21.62866, ""feature__rsi_14"": 69.760466}",2021-11-22,324.6751427806,exit_model_urgent,,14,-1683.0985679759397,-0.04367028409818566
orch_technical_20260730_050033_bdcd9eba,CENTURYPLY,,2021-11-08,663.0,buy,"{""template_name"": ""C5"", ""matched"": true, ""score"": 1.0, ""matched_conditions"": 3, ""total_conditions"": 3, ""feature__base_breakout_ratio"": 1.012214, ""feature__volume_ratio_21d"": 2.371654, ""feature__adx_14"": 48.785747, ""feature__rsi_14"": 87.78639}",2021-11-22,630.05,exit_model_urgent,,14,-2065.765525768009,-0.053720432874811694
orch_technical_20260730_050033_bdcd9eba,21STCENMGM,,2021-11-08,59.9,buy,"{""template_name"": ""C5"", ""matched"": true, ""score"": 1.0, ""matched_conditions"": 3, ""total_conditions"": 3, ""feature__base_breakout_ratio"": 1.019574, ""feature__volume_ratio_21d"": 3.251715, ""feature__adx_14"": 55.555952, ""feature__rsi_14"": 82.841173}",2021-11-29,57.65,exit_model_urgent,,21,-1606.6455354659993,-0.04158469634056759
orch_technical_20260730_050033_bdcd9eba,ADSL,,2021-11-08,107.9,buy,"{""template_name"": ""C5"", ""matched"": true, ""score"": 1.0, ""matched_conditions"": 3, ""total_conditions"": 3, ""feature__base_breakout_ratio"": 1.10102, ""feature__volume_ratio_21d"": 4.442247, ""feature__adx_14"": 51.688901, ""feature__rsi_14"": 78.059495}",2021-12-20,104.05,exit_model_urgent,,42,-1533.6661741944044,-0.03970327828359603
orch_technical_20260730_050033_bdcd9eba,AMDIND,,2022-02-07,53.7,buy,"{""template_name"": ""C5"", ""matched"": true, ""score"": 1.0, ""matched_conditions"": 3, ""total_conditions"": 3, ""feature__base_breakout_ratio"": 0.997214, ""feature__volume_ratio_21d"": 3.002289, ""feature__adx_14"": 23.744638, ""feature__rsi_14"": 65.697218}",2022-02-08,50.65,exit_model_urgent,,1,-2305.786356322402,-0.060819112484171364
orch_technical_20260730_050033_bdcd9eba,ARCHIES,,2022-02-07,24.3,buy,"{""template_name"": ""C5"", ""matched"": true, ""score"": 1.0, ""matched_conditions"": 3, ""total_conditions"": 3, ""feature__base_breakout_ratio"": 1.08, ""feature__volume_ratio_21d"": 7.131006, ""feature__adx_14"": 26.548815, ""feature__rsi_14"": 74.191142}",2022-02-08,22.9,exit_model_urgent,,1,-2339.4649372072017,-0.06163526072427988
orch_technical_20260730_050033_bdcd9eba,BALAJITELE,,2022-02-07,76.85,buy,"{""template_name"": ""C5"", ""matched"": true, ""score"": 1.0, ""matched_conditions"": 3, ""total_conditions"": 3, ""feature__base_breakout_ratio"": 1.013852, ""feature__volume_ratio_21d"": 6.632501, ""feature__adx_14"": 20.086344, ""feature__rsi_14"": 76.645957}",2022-02-08,73.25,exit_model_urgent,,1,-1927.1852007085981,-0.05086659427716326
orch_technical_20260730_050033_bdcd9eba,BSHSL,,2022-02-07,444.05,buy,"{""template_name"": ""C5"", ""matched"": true, ""score"": 1.0, ""matched_conditions"": 3, ""total_conditions"": 3, ""feature__base_breakout_ratio"": 1.199973, ""feature__volume_ratio_21d"": 11.206738, ""feature__adx_14"": 22.585077, ""feature__rsi_14"": 85.152859}",2022-02-08,393.95,exit_model_urgent,,1,-4410.310845970998,-0.11684722430492057
orch_technical_20260730_050033_bdcd9eba,CANTABIL,,2022-02-07,181.17,buy,"{""template_name"": ""C5"", ""matched"": true, ""score"": 1.0, ""matched_conditions"": 3, ""total_conditions"": 3, ""feature__base_breakout_ratio"": 1.034607, ""feature__volume_ratio_21d"": 2.855389, ""feature__adx_14"": 54.712117, ""feature__rsi_14"": 81.347115}",2022-02-08,174.37,exit_model_urgent,,1,-1573.4946231967551,-0.04155590002561118
orch_technical_20260730_050033_bdcd9eba,ADVANIHOTR,,2022-02-07,91.25,buy,"{""template_name"": ""C5"", ""matched"": true, ""score"": 1.0, ""matched_conditions"": 3, ""total_conditions"": 3, ""feature__base_breakout_ratio"": 1.004403, ""feature__volume_ratio_21d"": 3.233961, ""feature__adx_14"": 42.883641, ""feature__rsi_14"": 73.462257}",2022-02-09,85.4,exit_model_urgent,,2,-2586.2786123199985,-0.06813168104109585
orch_technical_20260730_050033_bdcd9eba,AUSOMENT,,2022-02-07,89.0,buy,"{""template_name"": ""C5"", ""matched"": true, ""score"": 1.0, ""matched_conditions"": 3, ""total_conditions"": 3, ""feature__base_breakout_ratio"": 1.08802, ""feature__volume_ratio_21d"": 12.186064, ""feature__adx_14"": 23.218168, ""feature__rsi_14"": 70.706616}",2022-02-10,78.9,exit_model_urgent,,3,-4455.0935960880015,-0.11750523806741577
orch_technical_20260730_050033_bdcd9eba,DAMODARIND,,2022-02-07,75.55,buy,"{""template_name"": ""C5"", ""matched"": true, ""score"": 1.0, ""matched_conditions"": 3, ""total_conditions"": 3, ""feature__base_breakout_ratio"": 1.014775, ""feature__volume_ratio_21d"": 4.020602, ""feature__adx_14"": 33.131766, ""feature__rsi_14"": 65.304911}",2022-02-10,70.35,exit_model_urgent,,3,-2762.9422634012008,-0.07285068233752484
orch_technical_20260730_050033_bdcd9eba,BANKBARODA,,2022-02-07,105.7662022583,buy,"{""template_name"": ""C5"", ""matched"": true, ""score"": 1.0, ""matched_conditions"": 3, ""total_conditions"": 3, ""feature__base_breakout_ratio"": 1.009383, ""feature__volume_ratio_21d"": 3.430517, ""feature__adx_14"": 33.383714, ""feature__rsi_14"": 73.916533}",2022-02-14,99.3518730377,exit_model_urgent,,7,-2448.6235607333074,-0.06466839567397568
orch_technical_20260730_050033_bdcd9eba,CREDITACC,,2022-02-07,728.95,buy,"{""template_name"": ""C5"", ""matched"": true, ""score"": 1.0, ""matched_conditions"": 3, ""total_conditions"": 3, ""feature__base_breakout_ratio"": 1.079926, ""feature__volume_ratio_21d"": 6.348236, ""feature__adx_14"": 42.018169, ""feature__rsi_14"": 74.406196}",2022-02-14,694.75,exit_model_urgent,,7,-1930.859006096798,-0.050938890134302715
orch_technical_20260730_050033_bdcd9eba,FINEORG,,2022-08-10,6737.85,buy,"{""template_name"": ""C5"", ""matched"": true, ""score"": 1.0, ""matched_conditions"": 3, ""total_conditions"": 3, ""feature__base_breakout_ratio"": 1.14491, ""feature__volume_ratio_21d"": 7.860368, ""feature__adx_14"": 41.289305, ""feature__rsi_14"": 84.916812}",2022-08-12,6209.8,exit_model_urgent,,2,-2775.751262910999,-0.08239278888402084
orch_technical_20260730_050033_bdcd9eba,COFFEEDAY,,2022-08-10,51.55,buy,"{""template_name"": ""C5"", ""matched"": true, ""score"": 1.0, ""matched_conditions"": 3, ""total_conditions"": 3, ""feature__base_breakout_ratio"": 1.062887, ""feature__volume_ratio_21d"": 5.821105, ""feature__adx_14"": 22.164308, ""feature__rsi_14"": 70.808798}",2022-08-29,48.0,exit_model_urgent,,19,-2686.497272458997,-0.0728872714374393
orch_technical_20260730_050033_bdcd9eba,BFINVEST,,2022-08-10,293.3421323928,buy,"{""template_name"": ""C5"", ""matched"": true, ""score"": 1.0, ""matched_conditions"": 3, ""total_conditions"": 3, ""feature__base_breakout_ratio"": 1.04532, ""feature__volume_ratio_21d"": 14.028769, ""feature__adx_14"": 21.586848, ""feature__rsi_14"": 74.715203}",2022-09-28,272.6511665762,exit_model_urgent,,49,-2733.8518575700073,-0.07455735963381464
orch_technical_20260730_050033_bdcd9eba,FAIRCHEMOR,,2022-08-10,1811.75,buy,"{""template_name"": ""C5"", ""matched"": true, ""score"": 1.0, ""matched_conditions"": 3, ""total_conditions"": 3, ""feature__base_breakout_ratio"": 1.110277, ""feature__volume_ratio_21d"": 12.218478, ""feature__adx_14"": 21.011116, ""feature__rsi_14"": 79.408124}",2022-11-09,1625.35,exit_model_urgent,,91,-3873.74050362,-0.1069060439801297
orch_technical_20260730_050033_bdcd9eba,CHEMCON,,2022-08-10,395.65,buy,"{""template_name"": ""C5"", ""matched"": true, ""score"": 1.0, ""matched_conditions"": 3, ""total_conditions"": 3, ""feature__base_breakout_ratio"": 1.113409, ""feature__volume_ratio_21d"": 10.339081, ""feature__adx_14"": 43.115015, ""feature__rsi_14"": 76.040148}",2022-11-14,313.35,exit_model_urgent,,96,-7801.894685081395,-0.21203422393479074
orch_technical_20260730_050033_bdcd9eba,BFUTILITIE,,2022-08-10,372.75,buy,"{""template_name"": ""C5"", ""matched"": true, ""score"": 1.0, ""matched_conditions"": 3, ""total_conditions"": 3, ""feature__base_breakout_ratio"": 1.068664, ""feature__volume_ratio_21d"": 11.439481, ""feature__adx_14"": 25.243922, ""feature__rsi_14"": 74.888488}",2022-11-15,401.7,signal,"{""template_name"": ""C5"", ""matched"": false}",97,2690.1749902859956,0.073643903975855
orch_technical_20260730_050033_bdcd9eba,BYKE,,2022-08-10,42.7,buy,"{""template_name"": ""C5"", ""matched"": true, ""score"": 1.0, ""matched_conditions"": 3, ""total_conditions"": 3, ""feature__base_breakout_ratio"": 1.021531, ""feature__volume_ratio_21d"": 10.648147, ""feature__adx_14"": 27.566587, ""feature__rsi_14"": 70.734626}",2022-11-15,41.6,signal,"{""template_name"": ""C5"", ""matched"": false}",97,-1252.2849124092027,-0.03398321612177992
orch_technical_20260730_050033_bdcd9eba,CUB,,2022-08-10,129.1074524522,buy,"{""template_name"": ""C5"", ""matched"": true, ""score"": 1.0, ""matched_conditions"": 3, ""total_conditions"": 3, ""feature__base_breakout_ratio"": 1.069426, ""feature__volume_ratio_21d"": 5.69089, ""feature__adx_14"": 41.902388, ""feature__rsi_14"": 81.057176}",2022-11-15,138.8617506426,signal,"{""template_name"": ""C5"", ""matched"": false}",97,2631.979599544211,0.07152969068281118
orch_technical_20260730_050033_bdcd9eba,DVL,,2022-08-10,215.75,buy,"{""template_name"": ""C5"", ""matched"": true, ""score"": 1.0, ""matched_conditions"": 3, ""total_conditions"": 3, ""feature__base_breakout_ratio"": 0.996076, ""feature__volume_ratio_21d"": 5.886108, ""feature__adx_14"": 22.279901, ""feature__rsi_14"": 66.243171}",2022-11-15,258.3,signal,"{""template_name"": ""C5"", ""matched"": false}",97,6931.934220670002,0.1889969114762457
orch_technical_20260730_050033_bdcd9eba,20MICRONS,,2022-11-15,98.1,buy,"{""template_name"": ""C5"", ""matched"": true, ""score"": 1.0, ""matched_conditions"": 3, ""total_conditions"": 3, ""feature__base_breakout_ratio"": 1.002555, ""feature__volume_ratio_21d"": 3.520777, ""feature__adx_14"": 21.621922, ""feature__rsi_14"": 58.10078}",2022-11-21,89.85,exit_model_urgent,,6,-3215.7790077743994,-0.08811995132721712
orch_technical_20260730_050033_bdcd9eba,GSPL,,2022-11-15,252.55,buy,"{""template_name"": ""C5"", ""matched"": true, ""score"": 1.0, ""matched_conditions"": 3, ""total_conditions"": 3, ""feature__base_breakout_ratio"": 1.02767, ""feature__volume_ratio_21d"": 4.203492, ""feature__adx_14"": 25.059025, ""feature__rsi_14"": 74.962104}",2022-11-21,235.2,exit_model_urgent,,6,-2644.67222418241,-0.07272135947178802
orch_technical_20260730_050033_bdcd9eba,DYNPRO,,2022-11-15,413.15,buy,"{""template_name"": ""C5"", ""matched"": true, ""score"": 1.0, ""matched_conditions"": 3, ""total_conditions"": 3, ""feature__base_breakout_ratio"": 1.020123, ""feature__volume_ratio_21d"": 4.337835, ""feature__adx_14"": 48.528549, ""feature__rsi_14"": 68.704827}",2022-11-28,379.85,exit_model_urgent,,13,-3076.6320032623917,-0.08462235824712552
orch_technical_20260730_050033_bdcd9eba,FORCEMOT,,2022-11-15,1537.618754569,buy,"{""template_name"": ""C5"", ""matched"": true, ""score"": 1.0, ""matched_conditions"": 3, ""total_conditions"": 3, ""feature__base_breakout_ratio"": 1.045199, ""feature__volume_ratio_21d"": 4.684422, ""feature__adx_14"": 29.604109, ""feature__rsi_14"": 73.582156}",2022-12-12,1441.7104442157,exit_model_urgent,,27,-2348.133352237346,-0.06639666311414039
orch_technical_20260730_050033_bdcd9eba,GICHSGFIN,,2022-11-15,142.4007615735,buy,"{""template_name"": ""C5"", ""matched"": true, ""score"": 1.0, ""matched_conditions"": 3, ""total_conditions"": 3, ""feature__base_breakout_ratio"": 1.003084, ""feature__volume_ratio_21d"": 4.760717, ""feature__adx_14"": 23.884184, ""feature__rsi_14"": 70.547886}",2022-12-19,203.9439673783,exit_model_urgent,,34,15608.436951265612,0.42816103065159145
orch_technical_20260730_050033_bdcd9eba,GOCLCORP,,2022-11-15,298.35,buy,"{""template_name"": ""C5"", ""matched"": true, ""score"": 1.0, ""matched_conditions"": 3, ""total_conditions"": 3, ""feature__base_breakout_ratio"": 1.028793, ""feature__volume_ratio_21d"": 2.645214, ""feature__adx_14"": 22.964821, ""feature__rsi_14"": 66.901285}",2022-12-19,406.8,exit_model_urgent,,34,13084.501079919595,0.35947715385218687
orch_technical_20260730_050033_bdcd9eba,CHEMBOND,,2022-11-15,242.7992089206,buy,"{""template_name"": ""C5"", ""matched"": true, ""score"": 1.0, ""matched_conditions"": 3, ""total_conditions"": 3, ""feature__base_breakout_ratio"": 1.004296, ""feature__volume_ratio_21d"": 3.275179, ""feature__adx_14"": 42.125506, ""feature__rsi_14"": 78.80758}",2022-12-23,233.6985663373,exit_model_urgent,,38,-1511.580500865879,-0.0415042675958689
orch_technical_20260730_050033_bdcd9eba,GABRIEL,,2022-11-15,174.1242064976,buy,"{""template_name"": ""C5"", ""matched"": true, ""score"": 1.0, ""matched_conditions"": 3, ""total_conditions"": 3, ""feature__base_breakout_ratio"": 1.074532, ""feature__volume_ratio_21d"": 10.279471, ""feature__adx_14"": 23.153067, ""feature__rsi_14"": 74.277114}",2022-12-23,157.2195626566,exit_model_urgent,,38,-3679.4423705627087,-0.10110591613351004
orch_technical_20260730_050033_bdcd9eba,EXIDEIND,,2022-11-15,180.0389811934,buy,"{""template_name"": ""C5"", ""matched"": true, ""score"": 1.0, ""matched_conditions"": 3, ""total_conditions"": 3, ""feature__base_breakout_ratio"": 1.010278, ""feature__volume_ratio_21d"": 2.357275, ""feature__adx_14"": 31.3965, ""feature__rsi_14"": 70.565028}",2023-02-13,178.2074050856,signal,"{""template_name"": ""C5"", ""matched"": false}",90,-516.2533096567204,-0.01419531168642177
orch_technical_20260730_050033_bdcd9eba,ACI,,2023-02-13,676.65,buy,"{""template_name"": ""C5"", ""matched"": true, ""score"": 1.0, ""matched_conditions"": 3, ""total_conditions"": 3, ""feature__base_breakout_ratio"": 0.995366, ""feature__volume_ratio_21d"": 2.004473, ""feature__adx_14"": 44.265212, ""feature__rsi_14"": 66.803574}",2023-02-14,640.2,exit_model_urgent,,1,-2115.263621797196,-0.05789041387984915
orch_technical_20260730_050033_bdcd9eba,GEEKAYWIRE,,2023-02-13,12.415,buy,"{""template_name"": ""C5"", ""matched"": true, ""score"": 1.0, ""matched_conditions"": 3, ""total_conditions"": 3, ""feature__base_breakout_ratio"": 1.082389, ""feature__volume_ratio_21d"": 4.377099, ""feature__adx_14"": 23.538662, ""feature__rsi_14"": 79.737392}",2023-02-16,11.505,exit_model_urgent,,3,-2860.604131096399,-0.07732052131937171
orch_technical_20260730_050033_bdcd9eba,63MOONS,,2023-02-13,207.5,buy,"{""template_name"": ""C5"", ""matched"": true, ""score"": 1.0, ""matched_conditions"": 3, ""total_conditions"": 3, ""feature__base_breakout_ratio"": 0.997836, ""feature__volume_ratio_21d"": 3.481041, ""feature__adx_14"": 41.409826, ""feature__rsi_14"": 72.948755}",2023-02-21,197.05,exit_model_urgent,,8,-2008.6559680200007,-0.05438353778313255
orch_technical_20260730_050033_bdcd9eba,CLSEL,,2023-02-13,162.15,buy,"{""template_name"": ""C5"", ""matched"": true, ""score"": 1.0, ""matched_conditions"": 3, ""total_conditions"": 3, ""feature__base_breakout_ratio"": 1.029524, ""feature__volume_ratio_21d"": 5.145992, ""feature__adx_14"": 44.519678, ""feature__rsi_14"": 73.279208}",2023-02-27,150.5,exit_model_urgent,,14,-2804.897545658401,-0.07586914719580638
orch_technical_20260730_050033_bdcd9eba,DCAL,,2023-02-13,97.7,buy,"{""template_name"": ""C5"", ""matched"": true, ""score"": 1.0, ""matched_conditions"": 3, ""total_conditions"": 3, ""feature__base_breakout_ratio"": 1.06427, ""feature__volume_ratio_21d"": 12.456218, ""feature__adx_14"": 29.036436, ""feature__rsi_14"": 69.838677}",2023-03-09,130.95,exit_model_urgent,,24,12419.961729184797,0.33630544126509715
orch_technical_20260730_050033_bdcd9eba,AAKASH,,2023-02-13,6.95,buy,"{""template_name"": ""C5"", ""matched"": true, ""score"": 1.0, ""matched_conditions"": 3, ""total_conditions"": 3, ""feature__base_breakout_ratio"": 1.0, ""feature__volume_ratio_21d"": 2.604689, ""feature__adx_14"": 40.11319, ""feature__rsi_14"": 59.432308}",2023-03-14,6.55,exit_model_urgent,,29,-2278.424643765604,-0.06157604883453247
orch_technical_20260730_050033_bdcd9eba,ANMOL,,2023-02-13,30.73,buy,"{""template_name"": ""C5"", ""matched"": true, ""score"": 1.0, ""matched_conditions"": 3, ""total_conditions"": 3, ""feature__base_breakout_ratio"": 1.011188, ""feature__volume_ratio_21d"": 2.632252, ""feature__adx_14"": 30.794641, ""feature__rsi_14"": 66.020901}",2023-04-06,40.95,exit_model_urgent,,52,12156.066939859367,0.3285519398906608
orch_technical_20260730_050033_bdcd9eba,FOODSIN,,2022-11-15,115.95,buy,"{""template_name"": ""C5"", ""matched"": true, ""score"": 1.0, ""matched_conditions"": 3, ""total_conditions"": 3, ""feature__base_breakout_ratio"": 1.005202, ""feature__volume_ratio_21d"": 5.303345, ""feature__adx_14"": 33.195868, ""feature__rsi_14"": 72.554538}",2023-05-12,153.2,exit_model_urgent,,178,11586.846106268997,0.31723707143251395
orch_technical_20260730_050033_bdcd9eba,GRAUWEIL,,2023-02-13,94.5,buy,"{""template_name"": ""C5"", ""matched"": true, ""score"": 1.0, ""matched_conditions"": 3, ""total_conditions"": 3, ""feature__base_breakout_ratio"": 1.019417, ""feature__volume_ratio_21d"": 2.960168, ""feature__adx_14"": 21.069651, ""feature__rsi_14"": 61.625856}",2023-05-19,113.9,signal,"{""template_name"": ""C5"", ""matched"": false}",95,7436.785711646,0.2012689132910053
orch_technical_20260730_050033_bdcd9eba,BALAXI,,2023-05-19,612.05,buy,"{""template_name"": ""C5"", ""matched"": true, ""score"": 1.0, ""matched_conditions"": 3, ""total_conditions"": 3, ""feature__base_breakout_ratio"": 1.062771, ""feature__volume_ratio_21d"": 12.408488, ""feature__adx_14"": 22.541621, ""feature__rsi_14"": 70.261467}",2023-05-24,567.15,exit_model_urgent,,5,-2936.4267273332007,-0.07738211160624134
orch_technical_20260730_050033_bdcd9eba,DEVIT,,2023-05-19,44.6,buy,"{""template_name"": ""C5"", ""matched"": true, ""score"": 1.0, ""matched_conditions"": 3, ""total_conditions"": 3, ""feature__base_breakout_ratio"": 0.998657, ""feature__volume_ratio_21d"": 3.945097, ""feature__adx_14"": 22.056542, ""feature__rsi_14"": 70.894095}",2023-06-20,60.12,exit_model_urgent,,32,13146.906795157593,0.3439599707802688
orch_technical_20260730_050033_bdcd9eba,APTECHT,,2023-05-19,477.2,buy,"{""template_name"": ""C5"", ""matched"": true, ""score"": 1.0, ""matched_conditions"": 3, ""total_conditions"": 3, ""feature__base_breakout_ratio"": 0.990041, ""feature__volume_ratio_21d"": 3.721961, ""feature__adx_14"": 32.419591, ""feature__rsi_14"": 72.573908}",2023-07-14,365.65,exit_model_urgent,,56,-9077.547384192,-0.2377815220083822
orch_technical_20260730_050033_bdcd9eba,AJMERA,,2023-05-19,13.662,buy,"{""template_name"": ""C5"", ""matched"": true, ""score"": 1.0, ""matched_conditions"": 3, ""total_conditions"": 3, ""feature__base_breakout_ratio"": 1.031873, ""feature__volume_ratio_21d"": 5.869486, ""feature__adx_14"": 43.132165, ""feature__rsi_14"": 72.046405}",2023-08-18,14.682,signal,"{""template_name"": ""C5"", ""matched"": false}",91,2702.1405014687916,0.07063754787703096
orch_technical_20260730_050033_bdcd9eba,ARVSMART,,2023-05-19,335.7,buy,"{""template_name"": ""C5"", ""matched"": true, ""score"": 1.0, ""matched_conditions"": 3, ""total_conditions"": 3, ""feature__base_breakout_ratio"": 0.997919, ""feature__volume_ratio_21d"": 5.065972, ""feature__adx_14"": 27.481852, ""feature__rsi_14"": 68.134674}",2023-08-18,358.0,signal,"{""template_name"": ""C5"", ""matched"": false}",91,2367.325559862802,0.062406266653559785
orch_technical_20260730_050033_bdcd9eba,CHEMFAB,,2023-05-19,314.7,buy,"{""template_name"": ""C5"", ""matched"": true, ""score"": 1.0, ""matched_conditions"": 3, ""total_conditions"": 3, ""feature__base_breakout_ratio"": 1.030115, ""feature__volume_ratio_21d"": 10.584889, ""feature__adx_14"": 23.491225, ""feature__rsi_14"": 69.863817}",2023-08-18,337.0,signal,"{""template_name"": ""C5"", ""matched"": false}",91,2545.1439653596026,0.06683904559135692
orch_technical_20260730_050033_bdcd9eba,EMUDHRA,,2023-05-19,401.25,buy,"{""template_name"": ""C5"", ""matched"": true, ""score"": 1.0, ""matched_conditions"": 3, ""total_conditions"": 3, ""feature__base_breakout_ratio"": 1.017497, ""feature__volume_ratio_21d"": 4.576448, ""feature__adx_14"": 56.864293, ""feature__rsi_14"": 92.792045}",2023-08-18,528.45,signal,"{""template_name"": ""C5"", ""matched"": true, ""score"": 1.0, ""matched_conditions"": 3, ""total_conditions"": 3, ""feature__base_breakout_ratio"": 0.999716, ""feature__volume_ratio_21d"": 2.895354, ""feature__adx_14"": 25.484888, ""feature__rsi_14"": 72.695523}",91,11930.682880575005,0.31298725379439263
orch_technical_20260730_050033_bdcd9eba,FOSECOIND,,2023-05-19,2698.2,buy,"{""template_name"": ""C5"", ""matched"": true, ""score"": 1.0, ""matched_conditions"": 3, ""total_conditions"": 3, ""feature__base_breakout_ratio"": 1.006059, ""feature__volume_ratio_21d"": 4.39707, ""feature__adx_14"": 33.26462, ""feature__rsi_14"": 62.275302}",2023-08-18,3338.65,signal,"{""template_name"": ""C5"", ""matched"": false}",91,8814.366279118403,0.23333985300037074
orch_technical_20260730_050033_bdcd9eba,GRINFRA,,2023-05-19,1104.0,buy,"{""template_name"": ""C5"", ""matched"": true, ""score"": 1.0, ""matched_conditions"": 3, ""total_conditions"": 3, ""feature__base_breakout_ratio"": 0.999185, ""feature__volume_ratio_21d"": 6.209559, ""feature__adx_14"": 25.477242, ""feature__rsi_14"": 70.322446}",2023-08-18,1224.5,signal,"{""template_name"": ""C5"", ""matched"": false}",91,3946.0267546879986,0.10512645872463765
orch_technical_20260730_050033_bdcd9eba,GOKEX,,2023-08-18,561.35,buy,"{""template_name"": ""C5"", ""matched"": true, ""score"": 1.0, ""matched_conditions"": 3, ""total_conditions"": 3, ""feature__base_breakout_ratio"": 1.010531, ""feature__volume_ratio_21d"": 5.917799, ""feature__adx_14"": 27.960006, ""feature__rsi_14"": 68.069756}",2023-08-30,867.35,exit_model_urgent,,12,21261.953905905997,0.5410923642216086
orch_technical_20260730_050033_bdcd9eba,GABRIEL,,2023-08-18,243.864792092,buy,"{""template_name"": ""C5"", ""matched"": true, ""score"": 1.0, ""matched_conditions"": 3, ""total_conditions"": 3, ""feature__base_breakout_ratio"": 1.058899, ""feature__volume_ratio_21d"": 4.966854, ""feature__adx_14"": 44.18523, ""feature__rsi_14"": 73.614089}",2023-09-05,323.2363437302,exit_model_urgent,,18,12699.294211432913,0.3214515073552381
orch_technical_20260730_050033_bdcd9eba,BFUTILITIE,,2023-08-18,592.35,buy,"{""template_name"": ""C5"", ""matched"": true, ""score"": 1.0, ""matched_conditions"": 3, ""total_conditions"": 3, ""feature__base_breakout_ratio"": 1.035396, ""feature__volume_ratio_21d"": 4.449975, ""feature__adx_14"": 56.251395, ""feature__rsi_14"": 87.504284}",2023-09-07,793.1,exit_model_urgent,,20,13092.255911050801,0.3348822719740019
orch_technical_20260730_050033_bdcd9eba,BLAL,,2023-08-18,186.8,buy,"{""template_name"": ""C5"", ""matched"": true, ""score"": 1.0, ""matched_conditions"": 3, ""total_conditions"": 3, ""feature__base_breakout_ratio"": 1.066514, ""feature__volume_ratio_21d"": 8.534625, ""feature__adx_14"": 28.832308, ""feature__rsi_14"": 77.112975}",2023-09-12,169.8,exit_model_urgent,,25,-3763.281278547198,-0.09502851598286931
orch_technical_20260730_050033_bdcd9eba,ASIANTILES,,2023-08-18,54.8,buy,"{""template_name"": ""C5"", ""matched"": true, ""score"": 1.0, ""matched_conditions"": 3, ""total_conditions"": 3, ""feature__base_breakout_ratio"": 1.044805, ""feature__volume_ratio_21d"": 7.897749, ""feature__adx_14"": 26.865701, ""feature__rsi_14"": 75.355787}",2023-10-11,74.45,exit_model_urgent,,54,14028.163516764806,0.35455455033576655
orch_technical_20260730_050033_bdcd9eba,ADANIPOWER,,2023-08-18,60.92,buy,"{""template_name"": ""C5"", ""matched"": true, ""score"": 1.0, ""matched_conditions"": 3, ""total_conditions"": 3, ""feature__base_breakout_ratio"": 1.044224, ""feature__volume_ratio_21d"": 4.465424, ""feature__adx_14"": 24.042689, ""feature__rsi_14"": 71.912241}",2023-11-20,77.99,signal,"{""template_name"": ""C5"", ""matched"": false}",94,10936.233200984003,0.27618145363361796
orch_technical_20260730_050033_bdcd9eba,ALOKINDS,,2023-08-18,16.95,buy,"{""template_name"": ""C5"", ""matched"": true, ""score"": 1.0, ""matched_conditions"": 3, ""total_conditions"": 3, ""feature__base_breakout_ratio"": 1.01194, ""feature__volume_ratio_21d"": 4.888927, ""feature__adx_14"": 27.655457, ""feature__rsi_14"": 64.520138}",2023-11-20,21.1,signal,"{""template_name"": ""C5"", ""matched"": false}",94,9535.144462841607,0.24081566611209457
orch_technical_20260730_050033_bdcd9eba,EIHOTEL,,2023-08-18,222.6885233032,buy,"{""template_name"": ""C5"", ""matched"": true, ""score"": 1.0, ""matched_conditions"": 3, ""total_conditions"": 3, ""feature__base_breakout_ratio"": 1.005381, ""feature__volume_ratio_21d"": 5.03204, ""feature__adx_14"": 21.99846, ""feature__rsi_14"": 66.148699}",2023-11-20,241.6597578932,signal,"{""template_name"": ""C5"", ""matched"": false}",94,3199.3742725616758,0.081169701041664
orch_technical_20260730_050033_bdcd9eba,GREENPOWER,,2023-11-20,23.1,buy,"{""template_name"": ""C5"", ""matched"": true, ""score"": 1.0, ""matched_conditions"": 3, ""total_conditions"": 3, ""feature__base_breakout_ratio"": 1.045249, ""feature__volume_ratio_21d"": 2.893531, ""feature__adx_14"": 55.033669, ""feature__rsi_14"": 87.069391}",2023-11-22,20.85,exit_model_urgent,,2,-4385.928128774402,-0.10142468940259743
orch_technical_20260730_050033_bdcd9eba,AAATECH,,2023-11-20,78.65,buy,"{""template_name"": ""C5"", ""matched"": true, ""score"": 1.0, ""matched_conditions"": 3, ""total_conditions"": 3, ""feature__base_breakout_ratio"": 1.033509, ""feature__volume_ratio_21d"": 5.932279, ""feature__adx_14"": 22.238399, ""feature__rsi_14"": 75.599831}",2023-12-04,73.5,exit_model_urgent,,14,-3001.019307154209,-0.06950206657088386
orch_technical_20260730_050033_bdcd9eba,FLEXITUFF,,2023-08-18,39.45,buy,"{""template_name"": ""C5"", ""matched"": true, ""score"": 1.0, ""matched_conditions"": 3, ""total_conditions"": 3, ""feature__base_breakout_ratio"": 1.105042, ""feature__volume_ratio_21d"": 8.635263, ""feature__adx_14"": 28.297022, ""feature__rsi_14"": 73.975799}",2023-12-11,52.2,exit_model_urgent,,115,12629.102456011802,0.3191718243498099
orch_technical_20260730_050033_bdcd9eba,ARIES,,2023-11-20,205.75,buy,"{""template_name"": ""C5"", ""matched"": true, ""score"": 1.0, ""matched_conditions"": 3, ""total_conditions"": 3, ""feature__base_breakout_ratio"": 0.998302, ""feature__volume_ratio_21d"": 2.776802, ""feature__adx_14"": 23.839356, ""feature__rsi_14"": 74.49663}",2023-12-20,192.15,exit_model_urgent,,30,-3029.784540089997,-0.07012172747995132
orch_technical_20260730_050033_bdcd9eba,GATEWAY,,2023-11-20,107.0,buy,"{""template_name"": ""C5"", ""matched"": true, ""score"": 1.0, ""matched_conditions"": 3, ""total_conditions"": 3, ""feature__base_breakout_ratio"": 1.032819, ""feature__volume_ratio_21d"": 4.122946, ""feature__adx_14"": 26.637818, ""feature__rsi_14"": 81.660729}",2023-12-20,97.85,exit_model_urgent,,30,-3870.4669929760057,-0.08953611069158891
orch_technical_20260730_050033_bdcd9eba,AHLUCONT,,2023-11-20,803.2,buy,"{""template_name"": ""C5"", ""matched"": true, ""score"": 1.0, ""matched_conditions"": 3, ""total_conditions"": 3, ""feature__base_breakout_ratio"": 0.999751, ""feature__volume_ratio_21d"": 3.6298, ""feature__adx_14"": 25.069396, ""feature__rsi_14"": 69.901962}",2024-01-04,750.65,exit_model_urgent,,45,-2956.368847603211,-0.06944788881274926
orch_technical_20260730_050033_bdcd9eba,GLAXO,,2023-11-20,1559.4860467203,buy,"{""template_name"": ""C5"", ""matched"": true, ""score"": 1.0, ""matched_conditions"": 3, ""total_conditions"": 3, ""feature__base_breakout_ratio"": 1.001854, ""feature__volume_ratio_21d"": 3.581261, ""feature__adx_14"": 31.966246, ""feature__rsi_14"": 74.537621}",2024-01-10,2083.5573915267,exit_model_urgent,,51,13980.571608251921,0.332031793130012
orch_technical_20260730_050033_bdcd9eba,ARIHANTSUP,,2023-11-20,252.45,buy,"{""template_name"": ""C5"", ""matched"": true, ""score"": 1.0, ""matched_conditions"": 3, ""total_conditions"": 3, ""feature__base_breakout_ratio"": 1.026637, ""feature__volume_ratio_21d"": 2.627595, ""feature__adx_14"": 34.882864, ""feature__rsi_14"": 83.317718}",2024-01-11,334.5,exit_model_urgent,,52,13856.9205115566,0.32099276242661917
orch_technical_20260730_050033_bdcd9eba,CORDSCABLE,,2023-05-19,93.55,buy,"{""template_name"": ""C5"", ""matched"": true, ""score"": 1.0, ""matched_conditions"": 3, ""total_conditions"": 3, ""feature__base_breakout_ratio"": 1.129149, ""feature__volume_ratio_21d"": 9.870515, ""feature__adx_14"": 61.984525, ""feature__rsi_14"": 82.677827}",2024-01-31,141.8,exit_model_urgent,,257,19580.35691700061,0.5117448775350083
orch_technical_20260730_050033_bdcd9eba,DIVISLAB,,2023-11-20,3633.9973981599,buy,"{""template_name"": ""C5"", ""matched"": true, ""score"": 1.0, ""matched_conditions"": 3, ""total_conditions"": 3, ""feature__base_breakout_ratio"": 0.996946, ""feature__volume_ratio_21d"": 3.125819, ""feature__adx_14"": 21.796774, ""feature__rsi_14"": 65.111278}",2024-02-20,3673.3753086806,signal,"{""template_name"": ""C5"", ""matched"": false}",92,272.3780252329452,0.006813884531144327
orch_technical_20260730_050033_bdcd9eba,GOLDIAM,,2023-11-20,164.7,buy,"{""template_name"": ""C5"", ""matched"": true, ""score"": 1.0, ""matched_conditions"": 3, ""total_conditions"": 3, ""feature__base_breakout_ratio"": 1.136254, ""feature__volume_ratio_21d"": 10.511288, ""feature__adx_14"": 28.291812, ""feature__rsi_14"": 83.375454}",2024-02-20,204.8,signal,"{""template_name"": ""C5"", ""matched"": false}",92,10332.641099271212,0.2394508891778995
orch_technical_20260730_050033_bdcd9eba,AIROLAM,,2024-02-20,190.3,buy,"{""template_name"": ""C5"", ""matched"": true, ""score"": 1.0, ""matched_conditions"": 3, ""total_conditions"": 3, ""feature__base_breakout_ratio"": 1.069101, ""feature__volume_ratio_21d"": 9.650803, ""feature__adx_14"": 33.735654, ""feature__rsi_14"": 73.016565}",2024-02-21,174.6,exit_model_urgent,,1,-3885.835369393608,-0.08652340571518671
orch_technical_20260730_050033_bdcd9eba,DISHTV,,2024-02-20,24.75,buy,"{""template_name"": ""C5"", ""matched"": true, ""score"": 1.0, ""matched_conditions"": 3, ""total_conditions"": 3, ""feature__base_breakout_ratio"": 1.014344, ""feature__volume_ratio_21d"": 2.536381, ""feature__adx_14"": 22.195981, ""feature__rsi_14"": 67.866929}",2024-02-21,23.1,exit_model_urgent,,1,-3178.926493808998,-0.07068875866666663
orch_technical_20260730_050033_bdcd9eba,GRPLTD,,2024-02-20,1521.85,buy,"{""template_name"": ""C5"", ""matched"": true, ""score"": 1.0, ""matched_conditions"": 3, ""total_conditions"": 3, ""feature__base_breakout_ratio"": 1.10684, ""feature__volume_ratio_21d"": 12.718439, ""feature__adx_14"": 22.844459, ""feature__rsi_14"": 78.367436}",2024-02-22,1421.675,exit_model_urgent,,2,-3082.5846005957937,-0.06984658193001925
orch_technical_20260730_050033_bdcd9eba,ENIL,,2024-02-20,340.35,buy,"{""template_name"": ""C5"", ""matched"": true, ""score"": 1.0, ""matched_conditions"": 3, ""total_conditions"": 3, ""feature__base_breakout_ratio"": 1.067932, ""feature__volume_ratio_21d"": 2.491724, ""feature__adx_14"": 43.36011, ""feature__rsi_14"": 73.872037}",2024-03-06,312.35,exit_model_urgent,,15,-3876.6973096103975,-0.08629034526869393
orch_technical_20260730_050033_bdcd9eba,FAIRCHEMOR,,2024-02-20,1447.9,buy,"{""template_name"": ""C5"", ""matched"": true, ""score"": 1.0, ""matched_conditions"": 3, ""total_conditions"": 3, ""feature__base_breakout_ratio"": 1.016141, ""feature__volume_ratio_21d"": 3.3919, ""feature__adx_14"": 21.493091, ""feature__rsi_14"": 74.157435}",2024-03-07,1353.5,exit_model_urgent,,16,-3106.9311972108044,-0.06921996478126952
orch_technical_20260730_050033_bdcd9eba,ALLCARGO,,2024-02-20,85.3,buy,"{""template_name"": ""C5"", ""matched"": true, ""score"": 1.0, ""matched_conditions"": 3, ""total_conditions"": 3, ""feature__base_breakout_ratio"": 1.040879, ""feature__volume_ratio_21d"": 13.082309, ""feature__adx_14"": 51.581158, ""feature__rsi_14"": 39.784606}",2024-03-11,77.4,exit_model_urgent,,20,-4344.105503885199,-0.09663639446189916
orch_technical_20260730_050033_bdcd9eba,BANARISUG,,2024-02-20,2616.3,buy,"{""template_name"": ""C5"", ""matched"": true, ""score"": 1.0, ""matched_conditions"": 3, ""total_conditions"": 3, ""feature__base_breakout_ratio"": 1.018035, ""feature__volume_ratio_21d"": 2.865722, ""feature__adx_14"": 20.888762, ""feature__rsi_14"": 68.806494}",2024-03-12,2431.1,exit_model_urgent,,21,-3327.2909880932057,-0.0748090812596416
orch_technical_20260730_050033_bdcd9eba,EPIGRAL,,2024-02-20,1132.45,buy,"{""template_name"": ""C5"", ""matched"": true, ""score"": 1.0, ""matched_conditions"": 3, ""total_conditions"": 3, ""feature__base_breakout_ratio"": 1.035146, ""feature__volume_ratio_21d"": 3.419205, ""feature__adx_14"": 20.588546, ""feature__rsi_14"": 73.172219}",2024-03-12,1024.9,exit_model_urgent,,21,-4372.087905330598,-0.09899317240090065
orch_technical_20260730_050033_bdcd9eba,EMUDHRA,,2024-02-20,558.1,buy,"{""template_name"": ""C5"", ""matched"": true, ""score"": 1.0, ""matched_conditions"": 3, ""total_conditions"": 3, ""feature__base_breakout_ratio"": 1.016946, ""feature__volume_ratio_21d"": 4.052717, ""feature__adx_14"": 28.28646, ""feature__rsi_14"": 73.748294}",2024-03-22,816.1,exit_model_urgent,,31,20460.421636384002,0.45826065302777286
orch_technical_20260730_050033_bdcd9eba,DRCSYSTEMS,,2023-11-20,55.8,buy,"{""template_name"": ""C5"", ""matched"": true, ""score"": 1.0, ""matched_conditions"": 3, ""total_conditions"": 3, ""feature__base_breakout_ratio"": 1.144615, ""feature__volume_ratio_21d"": 5.670189, ""feature__adx_14"": 32.801001, ""feature__rsi_14"": 84.988777}",2024-03-26,18.35,exit_model_urgent,,127,-29197.68536854,-0.6751690454050179
orch_technical_20260730_050033_bdcd9eba,FORCEMOT,,2024-02-20,6022.6636321903,buy,"{""template_name"": ""C5"", ""matched"": true, ""score"": 1.0, ""matched_conditions"": 3, ""total_conditions"": 3, ""feature__base_breakout_ratio"": 1.011773, ""feature__volume_ratio_21d"": 3.319241, ""feature__adx_14"": 38.205319, ""feature__rsi_14"": 82.91926}",2024-04-05,8166.3910548871,exit_model_urgent,,45,14836.526008381537,0.35192131670024274
orch_technical_20260730_050033_bdcd9eba,CELEBRITY,,2023-08-18,15.5,buy,"{""template_name"": ""C5"", ""matched"": true, ""score"": 1.0, ""matched_conditions"": 3, ""total_conditions"": 3, ""feature__base_breakout_ratio"": 1.013072, ""feature__volume_ratio_21d"": 5.094121, ""feature__adx_14"": 22.702422, ""feature__rsi_14"": 71.743581}",2024-04-19,20.55,exit_model_urgent,,245,12743.46510157,0.32178435961290325
orch_technical_20260730_050033_bdcd9eba,DREDGECORP,,2024-05-24,1032.7,buy,"{""template_name"": ""C5"", ""matched"": true, ""score"": 1.0, ""matched_conditions"": 3, ""total_conditions"": 3, ""feature__base_breakout_ratio"": 1.049972, ""feature__volume_ratio_21d"": 5.074807, ""feature__adx_14"": 30.673815, ""feature__rsi_14"": 79.332389}",2024-05-28,939.4,exit_model_urgent,,4,-4190.505419561203,-0.09436778774900752
orch_technical_20260730_050033_bdcd9eba,ARIHANTCAP,,2024-05-24,71.05,buy,"{""template_name"": ""C5"", ""matched"": true, ""score"": 1.0, ""matched_conditions"": 3, ""total_conditions"": 3, ""feature__base_breakout_ratio"": 0.990934, ""feature__volume_ratio_21d"": 8.733174, ""feature__adx_14"": 24.594951, ""feature__rsi_14"": 69.531834}",2024-05-31,64.65,exit_model_urgent,,7,-4191.977562148197,-0.09409950227445454
orch_technical_20260730_050033_bdcd9eba,AKI,,2024-05-24,23.3,buy,"{""template_name"": ""C5"", ""matched"": true, ""score"": 1.0, ""matched_conditions"": 3, ""total_conditions"": 3, ""feature__base_breakout_ratio"": 1.008658, ""feature__volume_ratio_21d"": 2.74753, ""feature__adx_14"": 42.549873, ""feature__rsi_14"": 30.33735}",2024-06-03,21.35,exit_model_urgent,,10,-3907.582589763195,-0.08771307912446341
orch_technical_20260730_050033_bdcd9eba,ARE&M,,2024-05-24,1187.9164910199,buy,"{""template_name"": ""C5"", ""matched"": true, ""score"": 1.0, ""matched_conditions"": 3, ""total_conditions"": 3, ""feature__base_breakout_ratio"": 1.004774, ""feature__volume_ratio_21d"": 4.371803, ""feature__adx_14"": 36.574467, ""feature__rsi_14"": 69.607226}",2024-06-04,1062.4154181142,exit_model_urgent,,11,-4820.322345873268,-0.10967015215778893
orch_technical_20260730_050033_bdcd9eba,ASTRAMICRO,,2024-05-24,800.0,buy,"{""template_name"": ""C5"", ""matched"": true, ""score"": 1.0, ""matched_conditions"": 3, ""total_conditions"": 3, ""feature__base_breakout_ratio"": 1.00762, ""feature__volume_ratio_21d"": 2.629571, ""feature__adx_14"": 27.700416, ""feature__rsi_14"": 73.957243}",2024-06-04,723.9,exit_model_urgent,,11,-4362.472048000003,-0.09914709200000008
orch_technical_20260730_050033_bdcd9eba,DRCSYSTEMS,,2024-05-24,21.75,buy,"{""template_name"": ""C5"", ""matched"": true, ""score"": 1.0, ""matched_conditions"": 3, ""total_conditions"": 3, ""feature__base_breakout_ratio"": 1.025943, ""feature__volume_ratio_21d"": 5.002236, ""feature__adx_14"": 21.539122, ""feature__rsi_14"": 53.929563}",2024-06-04,19.4,exit_model_urgent,,11,-4994.397546549,-0.11206806901149426
orch_technical_20260730_050033_bdcd9eba,GRSE,,2024-05-24,1441.2669324726,buy,"{""template_name"": ""C5"", ""matched"": true, ""score"": 1.0, ""matched_conditions"": 3, ""total_conditions"": 3, ""feature__base_breakout_ratio"": 1.019985, ""feature__volume_ratio_21d"": 2.608402, ""feature__adx_14"": 39.315708, ""feature__rsi_14"": 84.23056}",2024-06-04,1259.5411128374,exit_model_urgent,,11,-5625.681835024872,-0.13010964423672255
orch_technical_20260730_050033_bdcd9eba,AEGISLOG,,2024-05-24,701.0788819266,buy,"{""template_name"": ""C5"", ""matched"": true, ""score"": 1.0, ""matched_conditions"": 3, ""total_conditions"": 3, ""feature__base_breakout_ratio"": 1.003958, ""feature__volume_ratio_21d"": 2.96042, ""feature__adx_14"": 46.81026, ""feature__rsi_14"": 72.770188}",2024-07-09,927.2574253105,exit_model_urgent,,46,14071.600596156648,0.31859287931727887
orch_technical_20260730_050033_bdcd9eba,BIKAJI,,2024-05-24,554.8227846198,buy,"{""template_name"": ""C5"", ""matched"": true, ""score"": 1.0, ""matched_conditions"": 3, ""total_conditions"": 3, ""feature__base_breakout_ratio"": 1.002884, ""feature__volume_ratio_21d"": 8.068356, ""feature__adx_14"": 20.407347, ""feature__rsi_14"": 63.655904}",2024-08-02,738.3199503051,exit_model_urgent,,70,14501.249392149031,0.3267090365188907
orch_technical_20260730_050033_bdcd9eba,FINCABLES,,2024-05-24,1263.3975587957,buy,"{""template_name"": ""C5"", ""matched"": true, ""score"": 1.0, ""matched_conditions"": 3, ""total_conditions"": 3, ""feature__base_breakout_ratio"": 1.05399, ""feature__volume_ratio_21d"": 9.93582, ""feature__adx_14"": 36.684792, ""feature__rsi_14"": 80.801329}",2024-08-26,1464.6388820937,signal,"{""template_name"": ""C5"", ""matched"": false}",94,6865.593772938184,0.15526373366664745
orch_technical_20260730_050033_bdcd9eba,CRAFTSMAN,,2024-08-26,6258.4748189321,buy,"{""template_name"": ""C5"", ""matched"": true, ""score"": 1.0, ""matched_conditions"": 3, ""total_conditions"": 3, ""feature__base_breakout_ratio"": 1.038765, ""feature__volume_ratio_21d"": 8.539924, ""feature__adx_14"": 40.578469, ""feature__rsi_14"": 82.603784}",2024-09-03,5829.8860704059,exit_model_urgent,,8,-3176.3263701933975,-0.07250343304969223
orch_technical_20260730_050033_bdcd9eba,GEOJITFSL,,2024-08-26,120.76,buy,"{""template_name"": ""C5"", ""matched"": true, ""score"": 1.0, ""matched_conditions"": 3, ""total_conditions"": 3, ""feature__base_breakout_ratio"": 1.027045, ""feature__volume_ratio_21d"": 4.787266, ""feature__adx_14"": 22.778842, ""feature__rsi_14"": 67.159167}",2024-09-04,170.58,exit_model_urgent,,9,18253.6881029296,0.4085317337701225
orch_technical_20260730_050033_bdcd9eba,AARTIDRUGS,,2024-08-26,604.75,buy,"{""template_name"": ""C5"", ""matched"": true, ""score"": 1.0, ""matched_conditions"": 3, ""total_conditions"": 3, ""feature__base_breakout_ratio"": 1.009599, ""feature__volume_ratio_21d"": 8.144002, ""feature__adx_14"": 26.683736, ""feature__rsi_14"": 75.480517}",2024-09-06,553.65,exit_model_urgent,,11,-3907.8622900010014,-0.08851981833319557
orch_technical_20260730_050033_bdcd9eba,DHUNINV,,2024-08-26,1619.9,buy,"{""template_name"": ""C5"", ""matched"": true, ""score"": 1.0, ""matched_conditions"": 3, ""total_conditions"": 3, ""feature__base_breakout_ratio"": 0.99809, ""feature__volume_ratio_21d"": 5.146997, ""feature__adx_14"": 40.409285, ""feature__rsi_14"": 70.505677}",2024-09-10,2185.3,exit_model_urgent,,15,15089.884555568402,0.34501179898092477
orch_technical_20260730_050033_bdcd9eba,APTECHT,,2024-08-26,242.22,buy,"{""template_name"": ""C5"", ""matched"": true, ""score"": 1.0, ""matched_conditions"": 3, ""total_conditions"": 3, ""feature__base_breakout_ratio"": 1.005939, ""feature__volume_ratio_21d"": 4.571104, ""feature__adx_14"": 20.259259, ""feature__rsi_14"": 66.173655}",2024-09-11,226.43,exit_model_urgent,,16,-3084.618526860162,-0.06921076345570147
orch_technical_20260730_050033_bdcd9eba,GILLETTE,,2024-08-26,8730.3004835978,buy,"{""template_name"": ""C5"", ""matched"": true, ""score"": 1.0, ""matched_conditions"": 3, ""total_conditions"": 3, ""feature__base_breakout_ratio"": 1.050199, ""feature__volume_ratio_21d"": 6.681502, ""feature__adx_14"": 28.913515, ""feature__rsi_14"": 76.718455}",2024-09-26,8303.844620315,exit_model_urgent,,31,-2307.8496750773775,-0.052869879551414964
orch_technical_20260730_050033_bdcd9eba,BUTTERFLY,,2024-08-26,958.05,buy,"{""template_name"": ""C5"", ""matched"": true, ""score"": 1.0, ""matched_conditions"": 3, ""total_conditions"": 3, ""feature__base_breakout_ratio"": 1.052802, ""feature__volume_ratio_21d"": 10.161059, ""feature__adx_14"": 32.66797, ""feature__rsi_14"": 76.745302}",2024-10-07,901.35,exit_model_urgent,,42,-2785.4548010675935,-0.0632048068896194
orch_technical_20260730_050033_bdcd9eba,GOCOLORS,,2024-08-26,1199.8,buy,"{""template_name"": ""C5"", ""matched"": true, ""score"": 1.0, ""matched_conditions"": 3, ""total_conditions"": 3, ""feature__base_breakout_ratio"": 1.018506, ""feature__volume_ratio_21d"": 5.028643, ""feature__adx_14"": 25.674191, ""feature__rsi_14"": 70.732013}",2024-10-28,1147.35,exit_model_urgent,,63,-2119.201121319202,-0.04773771126987836
orch_technical_20260730_050033_bdcd9eba,GSPL,,2024-08-26,376.95,buy,"{""template_name"": ""C5"", ""matched"": true, ""score"": 1.0, ""matched_conditions"": 3, ""total_conditions"": 3, ""feature__base_breakout_ratio"": 1.083034, ""feature__volume_ratio_21d"": 12.500237, ""feature__adx_14"": 22.417102, ""feature__rsi_14"": 80.371338}",2024-11-13,359.85,exit_model_urgent,,79,-2196.7030543691944,-0.049386198645443566
orch_technical_20260730_050033_bdcd9eba,AMJLAND,,2024-11-27,63.36,buy,"{""template_name"": ""C5"", ""matched"": true, ""score"": 1.0, ""matched_conditions"": 3, ""total_conditions"": 3, ""feature__base_breakout_ratio"": 0.995131, ""feature__volume_ratio_21d"": 6.012607, ""feature__adx_14"": 23.726865, ""feature__rsi_14"": 78.23211}",2024-12-05,61.11,exit_model_urgent,,8,-1788.4555808716832,-0.03953345563636371
orch_technical_20260730_050033_bdcd9eba,ALBERTDAVD,,2024-08-26,1537.2,buy,"{""template_name"": ""C5"", ""matched"": true, ""score"": 1.0, ""matched_conditions"": 3, ""total_conditions"": 3, ""feature__base_breakout_ratio"": 1.006779, ""feature__volume_ratio_21d"": 6.087969, ""feature__adx_14"": 23.200482, ""feature__rsi_14"": 72.221308}",2024-12-09,1427.7,exit_model_urgent,,105,-3354.800034849599,-0.0752555033973458
orch_technical_20260730_050033_bdcd9eba,ENGINERSIN,,2024-11-27,194.9789336974,buy,"{""template_name"": ""C5"", ""matched"": true, ""score"": 1.0, ""matched_conditions"": 3, ""total_conditions"": 3, ""feature__base_breakout_ratio"": 1.0131, ""feature__volume_ratio_21d"": 5.408892, ""feature__adx_14"": 35.285688, ""feature__rsi_14"": 61.95728}",2024-12-18,186.3722341718,exit_model_urgent,,21,-2178.6940745183456,-0.04816378137325968
orch_technical_20260730_050033_bdcd9eba,GRSE,,2024-11-27,1645.6035712855,buy,"{""template_name"": ""C5"", ""matched"": true, ""score"": 1.0, ""matched_conditions"": 3, ""total_conditions"": 3, ""feature__base_breakout_ratio"": 1.023207, ""feature__volume_ratio_21d"": 3.141191, ""feature__adx_14"": 37.202516, ""feature__rsi_14"": 60.420963}",2024-12-20,1552.3462843279,exit_model_urgent,,23,-2696.653509754651,-0.06069265870565565
orch_technical_20260730_050033_bdcd9eba,ASTERDM,,2024-11-27,471.6986104738,buy,"{""template_name"": ""C5"", ""matched"": true, ""score"": 1.0, ""matched_conditions"": 3, ""total_conditions"": 3, ""feature__base_breakout_ratio"": 1.031466, ""feature__volume_ratio_21d"": 7.494922, ""feature__adx_14"": 23.539066, ""feature__rsi_14"": 73.562446}",2025-02-11,433.3265679457,exit_model_urgent,,76,-3825.579484891292,-0.08537073640146862
orch_technical_20260730_050033_bdcd9eba,BDL,,2024-11-27,1109.2174581777,buy,"{""template_name"": ""C5"", ""matched"": true, ""score"": 1.0, ""matched_conditions"": 3, ""total_conditions"": 3, ""feature__base_breakout_ratio"": 0.997187, ""feature__volume_ratio_21d"": 3.277933, ""feature__adx_14"": 36.640567, ""feature__rsi_14"": 58.426111}",2025-02-17,1068.3327243657,exit_model_urgent,,82,-1813.8443390718749,-0.04088117090339943
orch_technical_20260730_050033_bdcd9eba,DECCANCE,,2025-02-24,898.55,buy,"{""template_name"": ""C5"", ""matched"": true, ""score"": 1.0, ""matched_conditions"": 3, ""total_conditions"": 3, ""feature__base_breakout_ratio"": 0.990684, ""feature__volume_ratio_21d"": 5.122095, ""feature__adx_14"": 23.65365, ""feature__rsi_14"": 76.555334}",2025-02-25,837.9,exit_model_urgent,,1,-3148.9384875633987,-0.07151972707873794
orch_technical_20260730_050033_bdcd9eba,CENTENKA,,2025-02-24,572.7,buy,"{""template_name"": ""C5"", ""matched"": true, ""score"": 1.0, ""matched_conditions"": 3, ""total_conditions"": 3, ""feature__base_breakout_ratio"": 1.008807, ""feature__volume_ratio_21d"": 3.725459, ""feature__adx_14"": 29.14216, ""feature__rsi_14"": 60.078775}",2025-02-27,533.1,exit_model_urgent,,3,-3226.5658108067946,-0.0731682418166578
orch_technical_20260730_050033_bdcd9eba,DICIND,,2025-02-24,705.9,buy,"{""template_name"": ""C5"", ""matched"": true, ""score"": 1.0, ""matched_conditions"": 3, ""total_conditions"": 3, ""feature__base_breakout_ratio"": 1.00699, ""feature__volume_ratio_21d"": 14.74215, ""feature__adx_14"": 20.705416, ""feature__rsi_14"": 65.485055}",2025-02-28,642.65,exit_model_urgent,,4,-4163.619268796399,-0.0936240186185012
orch_technical_20260730_050033_bdcd9eba,BHANDARI,Nifty50,2025-06-02,6.17,buy,"{""template_name"": ""C5"", ""matched"": true, ""score"": 1.0, ""matched_conditions"": 3, ""total_conditions"": 3, ""feature__base_breakout_ratio"": 1.051107, ""feature__volume_ratio_21d"": 6.961487, ""feature__adx_14"": 27.822913, ""feature__rsi_14"": 70.815227}",2025-06-05,5.68,exit_model_urgent,,3,-3688.1440279329618,-0.08343862360453813
orch_technical_20260730_050033_bdcd9eba,FIBERWEB,Nifty50,2025-06-02,55.09,buy,"{""template_name"": ""C5"", ""matched"": true, ""score"": 1.0, ""matched_conditions"": 3, ""total_conditions"": 3, ""feature__base_breakout_ratio"": 1.041399, ""feature__volume_ratio_21d"": 3.427996, ""feature__adx_14"": 28.504232, ""feature__rsi_14"": 82.06407}",2025-06-05,50.66,exit_model_urgent,,3,-3730.5647927205573,-0.08443596021564706
orch_technical_20260730_050033_bdcd9eba,GENUSPOWER,Nifty50,2025-06-02,419.35,buy,"{""template_name"": ""C5"", ""matched"": true, ""score"": 1.0, ""matched_conditions"": 3, ""total_conditions"": 3, ""feature__base_breakout_ratio"": 1.056031, ""feature__volume_ratio_21d"": 4.158143, ""feature__adx_14"": 37.771817, ""feature__rsi_14"": 81.277663}",2025-06-12,385.05,exit_model_urgent,,10,-3778.5997494210023,-0.08581534346059383
orch_technical_20260730_050033_bdcd9eba,DENORA,Nifty50,2025-06-02,894.7,buy,"{""template_name"": ""C5"", ""matched"": true, ""score"": 1.0, ""matched_conditions"": 3, ""total_conditions"": 3, ""feature__base_breakout_ratio"": 1.033738, ""feature__volume_ratio_21d"": 4.970703, ""feature__adx_14"": 21.482979, ""feature__rsi_14"": 68.060166}",2025-06-23,836.4,exit_model_urgent,,21,-3033.0297199076012,-0.06918359865027386
orch_technical_20260730_050033_bdcd9eba,ANANDRATHI,Nifty50,2025-06-02,980.3737898329,buy,"{""template_name"": ""C5"", ""matched"": true, ""score"": 1.0, ""matched_conditions"": 3, ""total_conditions"": 3, ""feature__base_breakout_ratio"": 0.997214, ""feature__volume_ratio_21d"": 5.065431, ""feature__adx_14"": 23.710251, ""feature__rsi_14"": 69.460662}",2025-07-18,1305.5048658352,exit_model_urgent,,46,14453.456509134157,0.3276178185872844
orch_technical_20260730_050033_bdcd9eba,AMJLAND,Nifty50,2025-06-02,62.06,buy,"{""template_name"": ""C5"", ""matched"": true, ""score"": 1.0, ""matched_conditions"": 3, ""total_conditions"": 3, ""feature__base_breakout_ratio"": 1.000968, ""feature__volume_ratio_21d"": 3.779807, ""feature__adx_14"": 38.477616, ""feature__rsi_14"": 72.083178}",2025-07-29,58.02,exit_model_urgent,,57,-3054.2030530182383,-0.06912038397550753
orch_technical_20260730_050033_bdcd9eba,FAIRCHEMOR,Nifty50,2025-06-02,969.85,buy,"{""template_name"": ""C5"", ""matched"": true, ""score"": 1.0, ""matched_conditions"": 3, ""total_conditions"": 3, ""feature__base_breakout_ratio"": 1.077611, ""feature__volume_ratio_21d"": 12.114136, ""feature__adx_14"": 25.51939, ""feature__rsi_14"": 73.796747}",2025-07-29,884.7,exit_model_urgent,,57,-4007.2871666790015,-0.09181917402299328
orch_technical_20260730_050033_bdcd9eba,DBREALTY,Nifty50,2025-06-02,203.15,buy,"{""template_name"": ""C5"", ""matched"": true, ""score"": 1.0, ""matched_conditions"": 3, ""total_conditions"": 3, ""feature__base_breakout_ratio"": 1.021368, ""feature__volume_ratio_21d"": 3.723726, ""feature__adx_14"": 34.935572, ""feature__rsi_14"": 70.350264}",2025-08-01,180.4,exit_model_urgent,,60,-5114.058093786603,-0.11600830908097472
orch_technical_20260730_050033_bdcd9eba,GILLANDERS,Nifty50,2025-06-02,131.73,buy,"{""template_name"": ""C5"", ""matched"": true, ""score"": 1.0, ""matched_conditions"": 3, ""total_conditions"": 3, ""feature__base_breakout_ratio"": 1.033176, ""feature__volume_ratio_21d"": 3.98169, ""feature__adx_14"": 28.716029, ""feature__rsi_14"": 68.636227}",2025-08-08,119.24,exit_model_urgent,,67,-4361.643110018595,-0.09883724420526824
orch_technical_20260730_050033_bdcd9eba,BAJAJCON,Nifty50,2025-09-01,238.42,buy,"{""template_name"": ""C5"", ""matched"": true, ""score"": 1.0, ""matched_conditions"": 3, ""total_conditions"": 3, ""feature__base_breakout_ratio"": 0.999665, ""feature__volume_ratio_21d"": 2.658445, ""feature__adx_14"": 30.196959, ""feature__rsi_14"": 63.220419}",2025-09-09,222.02,exit_model_urgent,,8,-3159.3283857844726,-0.0728082676564045
orch_technical_20260730_050033_bdcd9eba,AIIL,,2025-09-01,643.96,buy,"{""template_name"": ""C5"", ""matched"": true, ""score"": 1.0, ""matched_conditions"": 3, ""total_conditions"": 3, ""feature__base_breakout_ratio"": 0.990708, ""feature__volume_ratio_21d"": 2.040933, ""feature__adx_14"": 21.605101, ""feature__rsi_14"": 70.204988}",2025-09-25,600.52,exit_model_urgent,,24,-3084.014446409441,-0.07147969806248838
orch_technical_20260730_050033_bdcd9eba,ASTRAMICRO,Nifty50,2025-09-01,1064.3,buy,"{""template_name"": ""C5"", ""matched"": true, ""score"": 1.0, ""matched_conditions"": 3, ""total_conditions"": 3, ""feature__base_breakout_ratio"": 0.991568, ""feature__volume_ratio_21d"": 2.1364, ""feature__adx_14"": 21.698597, ""feature__rsi_14"": 61.597671}",2025-09-30,983.9,exit_model_urgent,,29,-3387.228500623998,-0.07956470216630644
orch_technical_20260730_050033_bdcd9eba,DAVANGERE,,2025-09-01,3.91,buy,"{""template_name"": ""C5"", ""matched"": true, ""score"": 1.0, ""matched_conditions"": 3, ""total_conditions"": 3, ""feature__base_breakout_ratio"": 1.101408, ""feature__volume_ratio_21d"": 5.281343, ""feature__adx_14"": 24.680367, ""feature__rsi_14"": 75.128113}",2025-10-13,3.59,exit_model_urgent,,42,-3739.32041732136,-0.08586352422506394
orch_technical_20260730_050033_bdcd9eba,ATHERENERG,,2025-09-01,486.8,buy,"{""template_name"": ""C5"", ""matched"": true, ""score"": 1.0, ""matched_conditions"": 3, ""total_conditions"": 3, ""feature__base_breakout_ratio"": 1.060566, ""feature__volume_ratio_21d"": 6.327853, ""feature__adx_14"": 56.114537, ""feature__rsi_14"": 78.738185}",2025-10-16,688.55,exit_model_urgent,,45,17781.492059681594,0.41041915697288395
orch_technical_20260730_050033_bdcd9eba,GABRIEL,Nifty50,2025-09-01,1224.2389220989,buy,"{""template_name"": ""C5"", ""matched"": true, ""score"": 1.0, ""matched_conditions"": 3, ""total_conditions"": 3, ""feature__base_breakout_ratio"": 1.020249, ""feature__volume_ratio_21d"": 2.24972, ""feature__adx_14"": 36.588341, ""feature__rsi_14"": 69.750409}",2025-11-17,1021.2555270899,exit_model_urgent,,77,-7276.758880428191,-0.16982583450885158
orch_technical_20260730_050033_bdcd9eba,ABFRL,Nifty50,2025-09-01,83.35,buy,"{""template_name"": ""C5"", ""matched"": true, ""score"": 1.0, ""matched_conditions"": 3, ""total_conditions"": 3, ""feature__base_breakout_ratio"": 0.9994, ""feature__volume_ratio_21d"": 2.685585, ""feature__adx_14"": 25.245066, ""feature__rsi_14"": 60.704826}",2025-11-18,77.83,exit_model_urgent,,78,-3056.435994200394,-0.07024884664907005
orch_technical_20260730_050033_bdcd9eba,ECLERX,Nifty50,2025-12-03,2455.7,buy,"{""template_name"": ""C5"", ""matched"": true, ""score"": 1.0, ""matched_conditions"": 3, ""total_conditions"": 3, ""feature__base_breakout_ratio"": 1.008936, ""feature__volume_ratio_21d"": 2.859996, ""feature__adx_14"": 21.876961, ""feature__rsi_14"": 66.116968}",2025-12-09,2249.45,exit_model_urgent,,6,-3674.1598725147996,-0.08801036418308425
orch_technical_20260730_050033_bdcd9eba,BSOFT,Nifty50,2025-12-03,422.75,buy,"{""template_name"": ""C5"", ""matched"": true, ""score"": 1.0, ""matched_conditions"": 3, ""total_conditions"": 3, ""feature__base_breakout_ratio"": 1.038698, ""feature__volume_ratio_21d"": 4.646045, ""feature__adx_14"": 21.125092, ""feature__rsi_14"": 71.296077}",2026-01-20,404.25,exit_model_urgent,,48,-2060.434618086001,-0.04778318011354231
orch_technical_20260730_050033_bdcd9eba,AAKASH,Nifty50,2026-03-05,11.9,buy,"{""template_name"": ""C5"", ""matched"": true, ""score"": 1.0, ""matched_conditions"": 3, ""total_conditions"": 3, ""feature__base_breakout_ratio"": 1.191191, ""feature__volume_ratio_21d"": 10.332082, ""feature__adx_14"": 23.234552, ""feature__rsi_14"": 82.751379}",2026-03-06,9.79,exit_model_urgent,,1,-7811.463679176006,-0.18133301636974802
orch_technical_20260730_050033_bdcd9eba,GESHIP,Nifty50,2026-03-05,1379.9262660994,buy,"{""template_name"": ""C5"", ""matched"": true, ""score"": 1.0, ""matched_conditions"": 3, ""total_conditions"": 3, ""feature__base_breakout_ratio"": 1.010473, ""feature__volume_ratio_21d"": 2.849227, ""feature__adx_14"": 41.222962, ""feature__rsi_14"": 72.861351}",2026-03-09,1329.3733317792,exit_model_urgent,,4,-1739.1968661857172,-0.040656610497206834
orch_technical_20260730_050033_bdcd9eba,DATAPATTNS,Nifty50,2026-03-05,3359.2,buy,"{""template_name"": ""C5"", ""matched"": true, ""score"": 1.0, ""matched_conditions"": 3, ""total_conditions"": 3, ""feature__base_breakout_ratio"": 1.003345, ""feature__volume_ratio_21d"": 2.552888, ""feature__adx_14"": 36.374678, ""feature__rsi_14"": 72.274596}",2026-03-13,3215.0,exit_model_urgent,,8,-1892.532137356793,-0.046948979354131774
orch_technical_20260730_050033_bdcd9eba,COALINDIA,Nifty50,2026-03-05,449.4,buy,"{""template_name"": ""C5"", ""matched"": true, ""score"": 1.0, ""matched_conditions"": 3, ""total_conditions"": 3, ""feature__base_breakout_ratio"": 1.003064, ""feature__volume_ratio_21d"": 3.189129, ""feature__adx_14"": 27.974651, ""feature__rsi_14"": 66.407019}",2026-06-10,451.0,signal,"{""template_name"": ""C5"", ""matched"": false}",97,-19.715173755997967,-0.0004617893742767659
orch_technical_20260730_050033_bdcd9eba,EASEMYTRIP,Nifty50,2026-06-10,8.82,buy,"{""template_name"": ""C5"", ""matched"": true, ""score"": 1.0, ""matched_conditions"": 3, ""total_conditions"": 3, ""feature__base_breakout_ratio"": 1.043787, ""feature__volume_ratio_21d"": 9.045959, ""feature__adx_14"": 22.0018, ""feature__rsi_14"": 66.85575}",2026-06-18,7.99,exit_model_urgent,,8,-4181.974482158075,-0.09812640039002257
orch_technical_20260730_050033_bdcd9eba,AEGISLOG,Nifty50,2026-06-10,801.0,buy,"{""template_name"": ""C5"", ""matched"": true, ""score"": 1.0, ""matched_conditions"": 3, ""total_conditions"": 3, ""feature__base_breakout_ratio"": 1.010981, ""feature__volume_ratio_21d"": 4.646075, ""feature__adx_14"": 31.356007, ""feature__rsi_14"": 67.863402}",2026-06-22,1069.7,exit_model_urgent,,12,14070.350128324004,0.3314335883995007
orch_technical_20260730_050033_bdcd9eba,ELECTHERM,Nifty50,2026-06-10,1146.8,buy,"{""template_name"": ""C5"", ""matched"": true, ""score"": 1.0, ""matched_conditions"": 3, ""total_conditions"": 3, ""feature__base_breakout_ratio"": 1.043494, ""feature__volume_ratio_21d"": 8.610942, ""feature__adx_14"": 38.433177, ""feature__rsi_14"": 71.016245}",2026-06-22,1052.7,exit_model_urgent,,12,-3652.363798907194,-0.08607650427764199
